6 0.52109375 0.421875 0.0640625 0.184375
4 0.594140625 0.33359375 0.05390625 0.1453125
4 0.6390625 0.65546875 0.06875 0.1546875
3 0.767578125 0.301171875 0.07890625 0.19609375
7 0.734375 0.08671875 0.05625 0.1265625
7 0.847265625 0.78359375 0.07890625 0.1390625
5 0.744140625 0.7828125 0.06328125 0.121875
5 0.6828125 0.343359375 0.053125 0.11484375
5 0.575390625 0.17578125 0.04453125 0.1046875
5 0.608203125 0.539453125 0.05390625 0.10703125
5 0.5421875 0.66328125 0.05625 0.1140625
5 0.512890625 0.265625 0.04765625 0.115625
2 0.6546875 0.08125 0.053125 0.140625
2 0.3578125 0.537890625 0.059375 0.14765625
13 0.1984375 0.085546875 0.05625 0.12734375
9 0.1640625 0.4015625 0.071875 0.196875
10 0.35 0.330078125 0.059375 0.13828125
10 0.1625 0.546875 0.071875 0.140625
8 0.18828125 0.149609375 0.0578125 0.13984375
8 0.14453125 0.658984375 0.0671875 0.13984375
12 0.273828125 0.22109375 0.07265625 0.1609375
11 0.273046875 0.165625 0.04921875 0.1
11 0.412109375 0.08671875 0.04921875 0.1015625
11 0.41796875 0.25 0.0453125 0.10625
11 0.258984375 0.340234375 0.04609375 0.10546875
11 0.258203125 0.439453125 0.05390625 0.11015625
11 0.2515625 0.66875 0.05625 0.115625
