4 0.71328125 0.613671875 0.0734375 0.14296875
7 0.83984375 0.73125 0.0765625 0.1375
3 0.78828125 0.36796875 0.0765625 0.2015625
6 0.597265625 0.2953125 0.06328125 0.18125
7 0.587890625 0.062890625 0.05078125 0.11640625
10 0.589453125 0.13125 0.05390625 0.13125
10 0.440234375 0.393359375 0.06171875 0.13671875
5 0.519921875 0.066015625 0.04609375 0.10390625
5 0.67734375 0.2296875 0.0484375 0.1
5 0.6625 0.144140625 0.046875 0.09765625
5 0.698828125 0.40234375 0.05078125 0.1078125
5 0.70703125 0.504296875 0.0546875 0.10859375
5 0.640234375 0.737109375 0.06484375 0.11171875
5 0.517578125 0.297265625 0.04765625 0.10703125
9 0.172265625 0.3640625 0.07578125 0.196875
13 0.207421875 0.052734375 0.05546875 0.10546875
13 0.253515625 0.74140625 0.06953125 0.1390625
8 0.15703125 0.485546875 0.0671875 0.13984375
12 0.18671875 0.276171875 0.0671875 0.17109375
10 0.3640625 0.1953125 0.059375 0.1375
10 0.163671875 0.601171875 0.07109375 0.14609375
11 0.43671875 0.301171875 0.0453125 0.10234375
11 0.284765625 0.056640625 0.04765625 0.09765625
11 0.28125 0.225 0.05 0.10625
11 0.27265625 0.411328125 0.0515625 0.10390625
11 0.26484375 0.512109375 0.0546875 0.10234375
11 0.2625 0.614453125 0.05625 0.10703125
11 0.4484375 0.7328125 0.05625 0.115625
