7 0.590234375 0.06953125 0.04921875 0.1140625
7 0.83984375 0.731640625 0.0734375 0.14453125
3 0.790234375 0.3671875 0.07421875 0.2
6 0.60078125 0.296484375 0.0640625 0.18046875
5 0.7 0.40390625 0.053125 0.1109375
5 0.677734375 0.226171875 0.04609375 0.10234375
5 0.6640625 0.14296875 0.04375 0.0953125
5 0.519921875 0.06484375 0.04609375 0.1046875
5 0.624609375 0.50703125 0.04609375 0.1078125
5 0.519140625 0.302734375 0.04765625 0.10234375
4 0.58984375 0.1328125 0.0421875 0.128125
4 0.4453125 0.394921875 0.06875 0.13984375
8 0.442578125 0.602734375 0.06640625 0.14296875
9 0.1734375 0.363671875 0.078125 0.20234375
12 0.36640625 0.29609375 0.0640625 0.1703125
10 0.36640625 0.1953125 0.0546875 0.134375
10 0.164453125 0.6015625 0.08203125 0.153125
13 0.2546875 0.7421875 0.071875 0.1375
13 0.20859375 0.05546875 0.0578125 0.1109375
11 0.26484375 0.613671875 0.0515625 0.11171875
11 0.284765625 0.060546875 0.05078125 0.09921875
11 0.28984375 0.218359375 0.0578125 0.10546875
11 0.4375 0.298046875 0.05 0.10859375
11 0.447265625 0.737890625 0.06328125 0.12265625
