6 0.7828125 0.298046875 0.06875 0.15859375
3 0.790625 0.369140625 0.075 0.18203125
2 0.811328125 0.49140625 0.06015625 0.1328125
2 0.75546875 0.21171875 0.0515625 0.1234375
4 0.7453125 0.13515625 0.05625 0.1140625
4 0.82734375 0.607421875 0.0734375 0.11796875
7 0.841796875 0.73359375 0.07109375 0.1265625
7 0.74140625 0.065234375 0.0484375 0.10234375
5 0.660546875 0.0671875 0.03984375 0.09375
5 0.666015625 0.145703125 0.03828125 0.09140625
5 0.678515625 0.228125 0.04140625 0.09375
5 0.6859375 0.306640625 0.040625 0.09453125
5 0.6984375 0.40234375 0.046875 0.0953125
5 0.71015625 0.50859375 0.0515625 0.1015625
5 0.725390625 0.616015625 0.04765625 0.10703125
5 0.73984375 0.737109375 0.0515625 0.10546875
12 0.188671875 0.278515625 0.05859375 0.16640625
9 0.1765625 0.3640625 0.065625 0.190625
8 0.195703125 0.20234375 0.04765625 0.1328125
8 0.162890625 0.4890625 0.05390625 0.128125
10 0.209765625 0.126171875 0.05078125 0.12421875
10 0.16953125 0.603125 0.0609375 0.1375
13 0.14296875 0.74765625 0.0671875 0.1328125
13 0.21015625 0.0515625 0.0453125 0.103125
11 0.28515625 0.139453125 0.0421875 0.09453125
11 0.28828125 0.058203125 0.0390625 0.09453125
11 0.284375 0.222265625 0.040625 0.09453125
11 0.277734375 0.309375 0.04296875 0.1
11 0.27734375 0.409375 0.0453125 0.096875
11 0.26796875 0.512890625 0.0453125 0.09453125
11 0.26484375 0.61484375 0.0484375 0.1015625
11 0.25234375 0.735546875 0.0609375 0.10859375
