7 0.84140625 0.732421875 0.0734375 0.13671875
3 0.80625 0.491796875 0.090625 0.19609375
6 0.598046875 0.29140625 0.06171875 0.1765625
4 0.4390625 0.394921875 0.065625 0.13671875
5 0.6984375 0.4046875 0.05 0.10625
5 0.676171875 0.226171875 0.04609375 0.10546875
5 0.621484375 0.50625 0.05234375 0.115625
5 0.51796875 0.30625 0.0421875 0.109375
5 0.3640625 0.062109375 0.04375 0.11171875
12 0.3640625 0.29140625 0.059375 0.1734375
9 0.269140625 0.36953125 0.07578125 0.1984375
10 0.35625 0.491796875 0.05625 0.14921875
8 0.441015625 0.603515625 0.06328125 0.15078125
10 0.50703125 0.132421875 0.0546875 0.14296875
13 0.64296875 0.720703125 0.0734375 0.14765625
13 0.207421875 0.0546875 0.05546875 0.109375
11 0.433984375 0.303515625 0.04921875 0.10390625
11 0.284375 0.057421875 0.05 0.09609375
11 0.286328125 0.215625 0.05078125 0.103125
11 0.262890625 0.6140625 0.06015625 0.115625
