13 0.43984375 0.252734375 0.0578125 0.12734375
9 0.35234375 0.41171875 0.0734375 0.2015625
11 0.4265625 0.341015625 0.053125 0.11015625
11 0.3546875 0.179296875 0.053125 0.10859375
11 0.269140625 0.08984375 0.05078125 0.1046875
11 0.254296875 0.673046875 0.05859375 0.11484375
3 0.6578125 0.74765625 0.08125 0.2078125
7 0.8453125 0.784765625 0.078125 0.13828125
6 0.594140625 0.325 0.06328125 0.18125
5 0.676171875 0.254296875 0.04296875 0.10546875
5 0.513671875 0.33671875 0.04609375 0.1046875
5 0.6234375 0.548046875 0.053125 0.11171875
