2 0.598828125 0.158984375 0.05703125 0.14296875
3 0.769140625 0.29609375 0.08515625 0.2078125
7 0.516015625 0.245703125 0.06328125 0.12265625
4 0.437890625 0.25 0.06328125 0.13125
4 0.4390625 0.779296875 0.078125 0.15859375
5 0.741796875 0.78046875 0.06484375 0.1328125
7 0.569140625 0.082421875 0.06015625 0.12734375
5 0.6828125 0.34140625 0.05625 0.1109375
5 0.541796875 0.66640625 0.05546875 0.1203125
5 0.60703125 0.537109375 0.0609375 0.12109375
5 0.4921875 0.170703125 0.05 0.11015625
5 0.418359375 0.178125 0.04609375 0.115625
9 0.16328125 0.40859375 0.0828125 0.2078125
12 0.344921875 0.14453125 0.06171875 0.1765625
10 0.234765625 0.7875 0.08203125 0.159375
13 0.1984375 0.08828125 0.059375 0.1265625
8 0.187109375 0.1515625 0.05859375 0.146875
8 0.35703125 0.426953125 0.0609375 0.14453125
11 0.4125 0.085546875 0.05 0.10859375
11 0.27265625 0.165625 0.0515625 0.10625
11 0.259765625 0.341015625 0.05390625 0.11328125
11 0.259765625 0.4390625 0.05703125 0.11875
11 0.355078125 0.561328125 0.05703125 0.11953125
