8 0.440234375 0.43125 0.06171875 0.146875
13 0.4359375 0.337890625 0.065625 0.13515625
12 0.34765625 0.14609375 0.0671875 0.1796875
10 0.4546875 0.6484375 0.075 0.146875
11 0.35703125 0.560546875 0.0546875 0.12734375
11 0.27734375 0.169921875 0.0484375 0.10546875
11 0.25859375 0.33671875 0.0609375 0.1140625
9 0.16328125 0.30390625 0.0796875 0.2109375
7 0.273828125 0.069140625 0.05703125 0.12890625
4 0.23671875 0.640625 0.0828125 0.1625
3 0.7703125 0.3 0.084375 0.2
5 0.5890625 0.346484375 0.053125 0.11171875
5 0.429296875 0.5390625 0.05546875 0.115625
5 0.54140625 0.66640625 0.0578125 0.1140625
