6 0.520703125 0.421875 0.06953125 0.175
3 0.77109375 0.2984375 0.0796875 0.209375
7 0.788671875 0.4375 0.07109375 0.134375
5 0.741796875 0.7859375 0.06484375 0.11875
5 0.683203125 0.34375 0.05078125 0.109375
5 0.512890625 0.26171875 0.04765625 0.1171875
5 0.5421875 0.66640625 0.059375 0.1234375
5 0.60546875 0.5375 0.0578125 0.115625
5 0.489453125 0.168359375 0.05078125 0.11171875
7 0.569921875 0.08515625 0.05546875 0.1234375
2 0.5984375 0.15859375 0.053125 0.1484375
2 0.351953125 0.537109375 0.07890625 0.14609375
10 0.35234375 0.319921875 0.0609375 0.13359375
10 0.23984375 0.79140625 0.0828125 0.1515625
13 0.198046875 0.0875 0.06171875 0.128125
12 0.3453125 0.150390625 0.06875 0.17265625
9 0.1625 0.40625 0.090625 0.2125
8 0.185546875 0.15078125 0.06171875 0.1453125
8 0.3578125 0.42890625 0.065625 0.1453125
11 0.413671875 0.086328125 0.04921875 0.10390625
11 0.416015625 0.243359375 0.05390625 0.11171875
11 0.271484375 0.164453125 0.05234375 0.11015625
11 0.26015625 0.334765625 0.0546875 0.11640625
11 0.26015625 0.437109375 0.0609375 0.11171875
11 0.24765625 0.662890625 0.0640625 0.11953125
