3 0.7703125 0.301171875 0.084375 0.20234375
13 0.43359375 0.3375 0.0640625 0.1375
10 0.352734375 0.425390625 0.06484375 0.14765625
8 0.441796875 0.430859375 0.05859375 0.15546875
12 0.34765625 0.144921875 0.0671875 0.17734375
9 0.16796875 0.30390625 0.0796875 0.2140625
11 0.27421875 0.16796875 0.0578125 0.1046875
11 0.25859375 0.33828125 0.0546875 0.1140625
11 0.3546875 0.561328125 0.05625 0.11953125
7 0.271875 0.070703125 0.0625 0.13203125
5 0.590625 0.346484375 0.053125 0.11796875
5 0.43046875 0.5421875 0.0578125 0.109375
5 0.542578125 0.665625 0.06015625 0.11875
