11 0.2734375 0.169140625 0.040625 0.09140625
5 0.68359375 0.34453125 0.0421875 0.0984375
3 0.771484375 0.297265625 0.07109375 0.20390625
5 0.51171875 0.258984375 0.0421875 0.08984375
11 0.2703125 0.1 0.053125 0.103125
5 0.575390625 0.1765625 0.04765625 0.096875
2 0.73515625 0.16015625 0.0546875 0.1265625
12 0.275390625 0.210546875 0.06953125 0.12734375
11 0.271875 0.33046875 0.05625 0.1234375
5 0.65703125 0.09609375 0.0421875 0.0890625
11 0.41484375 0.248046875 0.0453125 0.10546875
9 0.159765625 0.40859375 0.06953125 0.1796875
8 0.187109375 0.16640625 0.06484375 0.1484375
4 0.513671875 0.34296875 0.06171875 0.1265625
13 0.1921875 0.102734375 0.065625 0.14609375
11 0.4359375 0.556640625 0.059375 0.11015625
4 0.601171875 0.33046875 0.05859375 0.1390625
6 0.709375 0.42578125 0.071875 0.1546875
5 0.548828125 0.65703125 0.05703125 0.1046875
11 0.248828125 0.664453125 0.05078125 0.10390625
7 0.719921875 0.08671875 0.05234375 0.0984375
5 0.6 0.54375 0.053125 0.115625
7 0.85 0.777734375 0.071875 0.14296875
8 0.134765625 0.659375 0.06953125 0.140625
4 0.81328125 0.53984375 0.0796875 0.1234375
10 0.157421875 0.543359375 0.07109375 0.14609375
10 0.34921875 0.3265625 0.0609375 0.140625
11 0.260546875 0.42734375 0.06171875 0.1265625
5 0.528515625 0.45390625 0.05390625 0.1109375
11 0.440234375 0.780859375 0.06171875 0.11796875
13 0.35 0.7796875 0.06875 0.14375
5 0.74609375 0.776953125 0.0546875 0.11328125
