12 0.2734375 0.22109375 0.071875 0.1640625
3 0.77109375 0.298046875 0.0765625 0.18984375
2 0.6515625 0.078125 0.053125 0.1375
7 0.731640625 0.0859375 0.05390625 0.115625
5 0.683984375 0.344140625 0.04921875 0.10078125
7 0.847265625 0.783203125 0.07890625 0.13515625
5 0.74140625 0.787109375 0.0609375 0.10859375
4 0.64921875 0.662890625 0.0671875 0.13203125
4 0.6078125 0.34296875 0.053125 0.1328125
6 0.519140625 0.419921875 0.06328125 0.17421875
5 0.540234375 0.66796875 0.05546875 0.1109375
5 0.59921875 0.545703125 0.0484375 0.11015625
5 0.576171875 0.174609375 0.04296875 0.09921875
5 0.507421875 0.08984375 0.03671875 0.1015625
5 0.513671875 0.26328125 0.04609375 0.1015625
5 0.357421875 0.450390625 0.04609375 0.10703125
2 0.358984375 0.537890625 0.05546875 0.13828125
9 0.16171875 0.40625 0.0703125 0.19375
13 0.19765625 0.086328125 0.0515625 0.11953125
10 0.3515625 0.3296875 0.059375 0.128125
10 0.1609375 0.54609375 0.06875 0.1328125
8 0.1859375 0.15234375 0.053125 0.1390625
8 0.14140625 0.6625 0.0671875 0.1375
11 0.273046875 0.16484375 0.04296875 0.0921875
11 0.258203125 0.334765625 0.05078125 0.10078125
11 0.245703125 0.668359375 0.05703125 0.11484375
11 0.258203125 0.43828125 0.05078125 0.1046875
11 0.4140625 0.086328125 0.04375 0.10078125
11 0.4171875 0.24453125 0.04375 0.1046875
11 0.43125 0.558203125 0.046875 0.10703125
