9 0.166796875 0.30078125 0.08046875 0.2109375
11 0.276171875 0.172265625 0.05859375 0.10703125
11 0.260546875 0.342578125 0.06171875 0.11640625
13 0.43671875 0.334375 0.0609375 0.1375
8 0.44375 0.43515625 0.065625 0.1484375
11 0.35703125 0.5625 0.0640625 0.11875
12 0.773828125 0.3171875 0.07578125 0.18125
3 0.69375 0.308984375 0.08125 0.20234375
7 0.27265625 0.070703125 0.0609375 0.12578125
5 0.346484375 0.443359375 0.05546875 0.11796875
5 0.542578125 0.665625 0.06328125 0.11875
5 0.588671875 0.34296875 0.05234375 0.1171875
