7 0.853125 0.744140625 0.075 0.13515625
3 0.739453125 0.6015625 0.08203125 0.203125
6 0.618359375 0.294140625 0.06171875 0.16640625
5 0.6984375 0.22890625 0.046875 0.1046875
5 0.71640625 0.40546875 0.0515625 0.1046875
5 0.639453125 0.50390625 0.05390625 0.1046875
5 0.534765625 0.296484375 0.05078125 0.10234375
4 0.458203125 0.3859375 0.05703125 0.134375
8 0.45546875 0.59765625 0.0609375 0.1421875
12 0.377734375 0.28203125 0.06484375 0.1734375
9 0.2875 0.357421875 0.071875 0.19296875
10 0.372265625 0.48359375 0.06015625 0.1421875
11 0.455859375 0.295703125 0.04609375 0.10078125
11 0.307421875 0.20234375 0.04609375 0.1046875
11 0.278125 0.6015625 0.05625 0.1125
11 0.3078125 0.0484375 0.046875 0.096875
13 0.230078125 0.048046875 0.05703125 0.09609375
13 0.657421875 0.721484375 0.06796875 0.14609375
