13 0.644921875 0.776171875 0.07109375 0.13984375
7 0.844921875 0.77890625 0.07421875 0.1359375
3 0.723828125 0.637109375 0.08203125 0.20859375
6 0.594140625 0.32578125 0.06953125 0.1765625
5 0.6765625 0.25546875 0.046875 0.1046875
5 0.61953125 0.549609375 0.0546875 0.11484375
5 0.51171875 0.337109375 0.0484375 0.10234375
7 0.266015625 0.541015625 0.06328125 0.14140625
9 0.353125 0.409375 0.075 0.19375
13 0.17421875 0.25390625 0.0671875 0.1265625
11 0.428125 0.33984375 0.05 0.1078125
11 0.35703125 0.18359375 0.0484375 0.1078125
11 0.26796875 0.087890625 0.0484375 0.10390625
11 0.2546875 0.669921875 0.059375 0.10859375
