3 0.769140625 0.2984375 0.08203125 0.209375
2 0.6 0.155078125 0.05 0.14140625
7 0.571875 0.077734375 0.0625 0.13046875
7 0.521484375 0.436328125 0.07109375 0.15703125
5 0.681640625 0.340625 0.05703125 0.115625
5 0.74296875 0.776953125 0.0609375 0.12265625
5 0.545703125 0.66875 0.06328125 0.125
5 0.607421875 0.53515625 0.05546875 0.1265625
5 0.416015625 0.179296875 0.05078125 0.10546875
5 0.491796875 0.175390625 0.05546875 0.10703125
4 0.597265625 0.33359375 0.06640625 0.1515625
4 0.443359375 0.77734375 0.07109375 0.1640625
12 0.346875 0.1453125 0.065625 0.18125
10 0.235546875 0.7890625 0.08671875 0.1625
13 0.197265625 0.08828125 0.06328125 0.1265625
8 0.35703125 0.42734375 0.0671875 0.1546875
8 0.189453125 0.148828125 0.06328125 0.16015625
9 0.158984375 0.407421875 0.09296875 0.20546875
11 0.412890625 0.083203125 0.05703125 0.11015625
11 0.274609375 0.16484375 0.05546875 0.1140625
11 0.25859375 0.334765625 0.0484375 0.11328125
11 0.259375 0.43828125 0.059375 0.1171875
11 0.355859375 0.558984375 0.06484375 0.12421875
