7 0.73359375 0.085546875 0.0546875 0.12109375
7 0.8484375 0.782421875 0.075 0.13671875
3 0.771875 0.299609375 0.071875 0.19609375
6 0.709375 0.410546875 0.065625 0.16484375
5 0.6828125 0.34453125 0.040625 0.1046875
5 0.743359375 0.7828125 0.05546875 0.109375
4 0.8171875 0.54765625 0.071875 0.1265625
4 0.60703125 0.340625 0.0546875 0.1375
2 0.653125 0.081640625 0.05 0.13515625
2 0.51640625 0.334765625 0.0609375 0.13828125
5 0.50703125 0.090625 0.0421875 0.1
5 0.57734375 0.17578125 0.0421875 0.1015625
5 0.515234375 0.26640625 0.04609375 0.1046875
5 0.533203125 0.44453125 0.04453125 0.1046875
5 0.598828125 0.54609375 0.04765625 0.1109375
5 0.542578125 0.666796875 0.05390625 0.11484375
10 0.3515625 0.32890625 0.059375 0.1359375
10 0.159765625 0.5453125 0.07578125 0.13125
9 0.165234375 0.40859375 0.07109375 0.1921875
8 0.142578125 0.664453125 0.06640625 0.13828125
8 0.1875 0.151953125 0.05625 0.13515625
13 0.198828125 0.0921875 0.04765625 0.121875
13 0.34765625 0.778515625 0.0671875 0.13828125
11 0.246875 0.667578125 0.053125 0.11015625
11 0.259765625 0.437890625 0.05390625 0.10078125
11 0.2625 0.341015625 0.05 0.10078125
12 0.273828125 0.22109375 0.06953125 0.1640625
11 0.275390625 0.1640625 0.04140625 0.09375
11 0.414453125 0.087890625 0.04453125 0.10078125
11 0.416796875 0.24453125 0.04609375 0.1015625
11 0.43046875 0.55859375 0.0515625 0.1078125
11 0.446875 0.78828125 0.05625 0.1140625
