7 0.84609375 0.7828125 0.0765625 0.140625
3 0.657421875 0.74453125 0.08046875 0.2078125
6 0.59296875 0.328125 0.0703125 0.175
5 0.6765625 0.252734375 0.05 0.10546875
5 0.62265625 0.545703125 0.0578125 0.11015625
5 0.5140625 0.3359375 0.05 0.109375
9 0.35078125 0.406640625 0.0765625 0.19765625
13 0.1765625 0.248828125 0.065625 0.12265625
11 0.26875 0.087890625 0.05625 0.10390625
11 0.3546875 0.180859375 0.053125 0.10859375
11 0.429296875 0.339453125 0.05234375 0.10703125
11 0.2546875 0.670703125 0.059375 0.12265625
