2 0.709375 0.608203125 0.059375 0.14765625
7 0.587109375 0.065234375 0.05546875 0.11171875
7 0.8375 0.727734375 0.065625 0.13359375
3 0.789453125 0.365625 0.07890625 0.196875
6 0.59765625 0.28828125 0.0578125 0.1640625
2 0.527734375 0.49609375 0.05234375 0.1359375
5 0.674609375 0.228125 0.04609375 0.096875
5 0.665234375 0.1453125 0.03984375 0.09375
5 0.696875 0.401953125 0.046875 0.10703125
5 0.7078125 0.505078125 0.05 0.10078125
5 0.64453125 0.744921875 0.0515625 0.11484375
5 0.616015625 0.613671875 0.05078125 0.10234375
5 0.51484375 0.300390625 0.0453125 0.09765625
5 0.519140625 0.06875 0.04140625 0.103125
4 0.587890625 0.130078125 0.05390625 0.12890625
4 0.43984375 0.39609375 0.0640625 0.1328125
12 0.1875 0.2765625 0.06875 0.175
9 0.172265625 0.3625 0.07265625 0.19375
13 0.251953125 0.7359375 0.06328125 0.1375
13 0.20625 0.05234375 0.059375 0.1046875
8 0.3609375 0.05546875 0.046875 0.1109375
8 0.1578125 0.485546875 0.0625 0.13671875
10 0.36484375 0.1984375 0.0546875 0.1375
10 0.166796875 0.602734375 0.06796875 0.14296875
11 0.43671875 0.301171875 0.0421875 0.10234375
11 0.428515625 0.13828125 0.04765625 0.1046875
11 0.283984375 0.055859375 0.04609375 0.10234375
11 0.281640625 0.221484375 0.04765625 0.09921875
11 0.273046875 0.405859375 0.05546875 0.09609375
11 0.263671875 0.51015625 0.04609375 0.1046875
11 0.264453125 0.61484375 0.05390625 0.1109375
11 0.44921875 0.73671875 0.0546875 0.1140625
