7 0.848046875 0.780859375 0.07734375 0.13671875
3 0.76875 0.2984375 0.075 0.203125
7 0.73359375 0.085546875 0.0546875 0.12109375
6 0.51875 0.42421875 0.059375 0.1765625
4 0.636328125 0.65546875 0.06328125 0.1484375
4 0.59609375 0.3359375 0.0546875 0.1375
5 0.74375 0.78359375 0.05625 0.1171875
5 0.606640625 0.53828125 0.05078125 0.1046875
5 0.5421875 0.665625 0.053125 0.109375
5 0.684375 0.346875 0.05 0.10625
5 0.513671875 0.264453125 0.05234375 0.10703125
5 0.575390625 0.17421875 0.05078125 0.1046875
2 0.652734375 0.0796875 0.05234375 0.1375
2 0.358203125 0.542578125 0.05703125 0.14453125
8 0.184765625 0.15234375 0.06015625 0.1390625
13 0.19765625 0.08984375 0.0515625 0.1171875
9 0.1625 0.404296875 0.075 0.19609375
12 0.343359375 0.146875 0.06171875 0.178125
10 0.350390625 0.33046875 0.06015625 0.1328125
10 0.16171875 0.5453125 0.0734375 0.134375
8 0.142578125 0.661328125 0.06953125 0.14453125
11 0.25078125 0.669140625 0.0546875 0.11328125
11 0.259375 0.43984375 0.0625 0.1078125
11 0.2578125 0.339453125 0.05 0.11015625
11 0.271484375 0.171484375 0.05234375 0.10859375
11 0.41328125 0.0859375 0.0484375 0.10625
11 0.419140625 0.24609375 0.05078125 0.1046875
