13 0.1984375 0.088671875 0.059375 0.12421875
9 0.166015625 0.305859375 0.08515625 0.20234375
8 0.18515625 0.14765625 0.0578125 0.1453125
12 0.345703125 0.14609375 0.06953125 0.1828125
10 0.234765625 0.789453125 0.08515625 0.15703125
11 0.27265625 0.165234375 0.0515625 0.11171875
11 0.258203125 0.337109375 0.05078125 0.10859375
11 0.259375 0.437890625 0.05625 0.11328125
11 0.35625 0.562109375 0.059375 0.11171875
3 0.771484375 0.29921875 0.08671875 0.2046875
2 0.5984375 0.158203125 0.053125 0.15078125
7 0.57109375 0.079296875 0.0546875 0.13359375
7 0.51171875 0.343359375 0.0609375 0.13359375
4 0.24609375 0.64296875 0.0734375 0.1640625
4 0.34921875 0.43671875 0.0640625 0.1515625
5 0.420703125 0.183203125 0.05078125 0.10703125
5 0.6859375 0.3421875 0.046875 0.1125
5 0.52109375 0.805859375 0.0578125 0.11796875
5 0.543359375 0.665234375 0.05546875 0.11484375
5 0.60703125 0.538671875 0.0546875 0.11796875
