7 0.589453125 0.06484375 0.05390625 0.1109375
7 0.84140625 0.730078125 0.0734375 0.13828125
3 0.78359375 0.366015625 0.0890625 0.19765625
6 0.596484375 0.29296875 0.06796875 0.1703125
5 0.66484375 0.14296875 0.0453125 0.1046875
5 0.67734375 0.227734375 0.0421875 0.10546875
5 0.698828125 0.401953125 0.05078125 0.10390625
5 0.707421875 0.507421875 0.04921875 0.10546875
5 0.514453125 0.30078125 0.04765625 0.1015625
5 0.51953125 0.0671875 0.0453125 0.103125
4 0.590234375 0.130859375 0.04609375 0.13046875
4 0.441796875 0.3953125 0.06171875 0.140625
8 0.255078125 0.744140625 0.06640625 0.13828125
8 0.15859375 0.4890625 0.0671875 0.1375
13 0.2046875 0.0546875 0.0625 0.109375
9 0.17109375 0.363671875 0.0765625 0.20234375
12 0.35859375 0.296484375 0.0765625 0.16796875
10 0.363671875 0.19296875 0.05234375 0.1359375
10 0.166015625 0.600390625 0.07265625 0.14140625
11 0.436328125 0.30390625 0.04453125 0.1046875
11 0.28359375 0.05703125 0.0484375 0.1046875
11 0.286328125 0.215234375 0.05078125 0.10859375
11 0.2625 0.615234375 0.065625 0.11484375
11 0.445703125 0.734375 0.06328125 0.115625
