10 0.4296875 0.158984375 0.059375 0.13984375
10 0.234765625 0.790625 0.07890625 0.159375
9 0.164453125 0.40859375 0.08515625 0.2140625
12 0.344140625 0.1515625 0.06640625 0.175
13 0.197265625 0.0890625 0.06953125 0.13125
8 0.1859375 0.1515625 0.065625 0.146875
8 0.35546875 0.42734375 0.0640625 0.1484375
11 0.4109375 0.08359375 0.05625 0.1046875
11 0.271875 0.16484375 0.053125 0.1015625
11 0.258203125 0.33515625 0.05703125 0.1140625
11 0.24921875 0.66328125 0.0578125 0.1171875
11 0.259375 0.436328125 0.05625 0.11953125
3 0.7671875 0.2984375 0.084375 0.20625
4 0.5984375 0.336328125 0.059375 0.15078125
4 0.440234375 0.78125 0.07109375 0.153125
7 0.569140625 0.076953125 0.05390625 0.12890625
7 0.521484375 0.434765625 0.06171875 0.13828125
2 0.59609375 0.158984375 0.0484375 0.14921875
2 0.359375 0.543359375 0.0625 0.14921875
5 0.514453125 0.26484375 0.04765625 0.1078125
5 0.489453125 0.171484375 0.05078125 0.10234375
5 0.685546875 0.34765625 0.05234375 0.1109375
5 0.7453125 0.78515625 0.059375 0.1203125
5 0.60703125 0.54140625 0.0515625 0.1265625
5 0.54296875 0.66328125 0.0578125 0.1234375
