10 0.23828125 0.7890625 0.0890625 0.159375
8 0.4390625 0.42890625 0.065625 0.1578125
12 0.346484375 0.14921875 0.06171875 0.1828125
9 0.16640625 0.3015625 0.0796875 0.221875
13 0.19453125 0.0890625 0.0609375 0.13125
11 0.275 0.171875 0.053125 0.109375
11 0.255078125 0.338671875 0.05703125 0.10859375
11 0.26015625 0.435546875 0.0609375 0.11171875
11 0.35390625 0.55625 0.0640625 0.121875
3 0.767578125 0.29765625 0.08828125 0.2140625
7 0.571875 0.08828125 0.053125 0.1265625
7 0.351171875 0.343359375 0.06171875 0.13671875
4 0.348046875 0.437109375 0.06796875 0.14921875
4 0.2453125 0.64140625 0.065625 0.1609375
2 0.509375 0.237109375 0.059375 0.15546875
5 0.41640625 0.18046875 0.0515625 0.1078125
5 0.68515625 0.34140625 0.0515625 0.1046875
5 0.6078125 0.5390625 0.05625 0.121875
5 0.54453125 0.66796875 0.0578125 0.1171875
