11 0.27734375 0.166796875 0.0578125 0.10859375
8 0.44375 0.43046875 0.059375 0.1390625
9 0.16640625 0.30703125 0.0765625 0.2046875
12 0.347265625 0.15 0.06328125 0.178125
13 0.436328125 0.340234375 0.06015625 0.12734375
10 0.45234375 0.648046875 0.0671875 0.15546875
11 0.259375 0.335546875 0.05625 0.11796875
11 0.3546875 0.5609375 0.059375 0.121875
7 0.27109375 0.06953125 0.0578125 0.1265625
4 0.2453125 0.64609375 0.06875 0.1578125
3 0.77109375 0.301171875 0.0890625 0.20546875
5 0.5421875 0.664453125 0.05625 0.11953125
5 0.58984375 0.35078125 0.0484375 0.1140625
5 0.6078125 0.540625 0.05625 0.125
