3 0.76640625 0.3015625 0.0890625 0.20625
4 0.6484375 0.77109375 0.084375 0.1640625
7 0.661328125 0.164453125 0.06015625 0.13828125
5 0.7015625 0.54375 0.059375 0.115625
5 0.5171875 0.3484375 0.053125 0.115625
2 0.534375 0.540625 0.059375 0.15
2 0.350390625 0.15 0.06953125 0.159375
9 0.176171875 0.397265625 0.08984375 0.21015625
11 0.34140625 0.54453125 0.0578125 0.1203125
10 0.19453125 0.146484375 0.0703125 0.16484375
8 0.503515625 0.069140625 0.06015625 0.13828125
8 0.145703125 0.6421875 0.07265625 0.153125
