12 0.187890625 0.27578125 0.06640625 0.1703125
9 0.170703125 0.362890625 0.06953125 0.19140625
10 0.36640625 0.196875 0.0578125 0.1375
10 0.164453125 0.59921875 0.06640625 0.1421875
13 0.254296875 0.73984375 0.06171875 0.1328125
13 0.20859375 0.053515625 0.0546875 0.10703125
8 0.15859375 0.486328125 0.0609375 0.13828125
8 0.3625 0.05234375 0.05 0.1046875
11 0.437109375 0.2984375 0.03984375 0.09375
11 0.4296875 0.141015625 0.0375 0.09453125
11 0.286328125 0.06015625 0.04140625 0.0953125
11 0.280859375 0.222265625 0.04296875 0.09765625
11 0.274609375 0.4109375 0.05234375 0.096875
11 0.265234375 0.511328125 0.04609375 0.10390625
11 0.26484375 0.613671875 0.0484375 0.10859375
11 0.446875 0.733203125 0.053125 0.10703125
4 0.590625 0.131640625 0.04375 0.13203125
4 0.4421875 0.392578125 0.059375 0.13828125
6 0.787890625 0.2890625 0.06328125 0.146875
3 0.79140625 0.366796875 0.0734375 0.18359375
7 0.58828125 0.06328125 0.0453125 0.1140625
7 0.841796875 0.73671875 0.07109375 0.1296875
2 0.75234375 0.21015625 0.0421875 0.1328125
2 0.71015625 0.612890625 0.0578125 0.13828125
5 0.7078125 0.51015625 0.053125 0.0953125
5 0.696875 0.40546875 0.05 0.1046875
5 0.61796875 0.618359375 0.0515625 0.10234375
5 0.64296875 0.74140625 0.0515625 0.1046875
5 0.67421875 0.228515625 0.0453125 0.09453125
5 0.66328125 0.14765625 0.0390625 0.0984375
5 0.519140625 0.06640625 0.03828125 0.0953125
5 0.5171875 0.301171875 0.040625 0.10234375
