6 0.7828125 0.296484375 0.06875 0.15234375
3 0.79140625 0.367578125 0.0765625 0.18515625
2 0.764453125 0.213671875 0.05390625 0.12421875
2 0.803125 0.496875 0.059375 0.13125
4 0.746875 0.13671875 0.05625 0.1140625
4 0.826171875 0.609375 0.07421875 0.121875
7 0.74296875 0.066015625 0.0484375 0.10078125
7 0.84375 0.73671875 0.071875 0.1265625
5 0.65859375 0.0640625 0.0421875 0.09375
5 0.665234375 0.14296875 0.03984375 0.0953125
5 0.67734375 0.22578125 0.0421875 0.0953125
5 0.687109375 0.30859375 0.04296875 0.0984375
5 0.698046875 0.4046875 0.04921875 0.09375
5 0.712109375 0.505859375 0.04609375 0.10546875
5 0.725 0.615234375 0.05 0.10234375
5 0.739453125 0.73671875 0.05390625 0.1015625
12 0.187890625 0.276953125 0.06328125 0.16953125
9 0.17421875 0.36328125 0.0671875 0.1890625
8 0.1609375 0.48984375 0.05625 0.1359375
8 0.19296875 0.20546875 0.0515625 0.1296875
10 0.198828125 0.12734375 0.05390625 0.1171875
10 0.15625 0.62265625 0.06875 0.1296875
11 0.2546875 0.74140625 0.05625 0.1046875
11 0.2609375 0.6171875 0.0625 0.103125
11 0.263671875 0.514453125 0.05234375 0.09765625
11 0.2765625 0.411328125 0.05 0.10078125
11 0.277734375 0.309765625 0.05234375 0.09765625
11 0.285546875 0.2265625 0.04296875 0.09375
11 0.28671875 0.139453125 0.0453125 0.08828125
11 0.2859375 0.059765625 0.04375 0.09765625
13 0.209765625 0.05390625 0.04765625 0.1046875
13 0.14296875 0.743359375 0.0671875 0.13984375
