4 0.589453125 0.13359375 0.05390625 0.1265625
4 0.441015625 0.390234375 0.05390625 0.13984375
2 0.7109375 0.6140625 0.0625 0.134375
2 0.758203125 0.219140625 0.05390625 0.13515625
3 0.790234375 0.369140625 0.07421875 0.19765625
7 0.83828125 0.73359375 0.0734375 0.1453125
7 0.587109375 0.063671875 0.04921875 0.11484375
6 0.6 0.292578125 0.05625 0.16640625
5 0.6640625 0.14375 0.04375 0.09375
5 0.67578125 0.230078125 0.0453125 0.10078125
5 0.7078125 0.50703125 0.053125 0.0984375
5 0.698046875 0.400390625 0.04609375 0.10078125
5 0.6171875 0.61875 0.053125 0.1125
5 0.644140625 0.741015625 0.05078125 0.11328125
5 0.51796875 0.06640625 0.0421875 0.0953125
5 0.51640625 0.301953125 0.0421875 0.09765625
8 0.362109375 0.053515625 0.05234375 0.10703125
9 0.1734375 0.365234375 0.071875 0.19609375
8 0.15703125 0.48671875 0.0609375 0.1328125
12 0.187109375 0.27890625 0.07109375 0.1734375
13 0.255078125 0.74296875 0.06640625 0.1390625
13 0.209375 0.0546875 0.05625 0.109375
10 0.166015625 0.596484375 0.06953125 0.14296875
10 0.362890625 0.19765625 0.05078125 0.1296875
11 0.4359375 0.302734375 0.046875 0.10234375
11 0.42890625 0.13984375 0.0484375 0.1046875
11 0.284375 0.057421875 0.04375 0.10546875
11 0.2828125 0.22109375 0.04375 0.1015625
11 0.2734375 0.40859375 0.05 0.0984375
11 0.26640625 0.513671875 0.0515625 0.09609375
11 0.26328125 0.61328125 0.0515625 0.1046875
11 0.446484375 0.73203125 0.05234375 0.1046875
