3 0.7703125 0.29375 0.08125 0.203125
7 0.5703125 0.08046875 0.059375 0.1296875
2 0.507421875 0.230859375 0.05546875 0.14921875
5 0.419140625 0.1765625 0.04765625 0.115625
5 0.68203125 0.341015625 0.0515625 0.11328125
5 0.60703125 0.54140625 0.0578125 0.1171875
5 0.540625 0.664453125 0.059375 0.12265625
4 0.433203125 0.6546875 0.06640625 0.153125
4 0.23984375 0.638671875 0.0734375 0.15546875
12 0.3453125 0.1484375 0.059375 0.175
13 0.195703125 0.09140625 0.06640625 0.1328125
9 0.16796875 0.30625 0.0734375 0.203125
10 0.233984375 0.787890625 0.07734375 0.16015625
8 0.440625 0.431640625 0.059375 0.14765625
11 0.34609375 0.328515625 0.0546875 0.11953125
11 0.271484375 0.167578125 0.04921875 0.11328125
11 0.259765625 0.337109375 0.04765625 0.11484375
11 0.3546875 0.56015625 0.05625 0.1203125
