6 0.7890625 0.287109375 0.059375 0.14296875
3 0.7921875 0.367578125 0.078125 0.18203125
2 0.76171875 0.21640625 0.0515625 0.1265625
2 0.804296875 0.49921875 0.05859375 0.1265625
7 0.74609375 0.13359375 0.0546875 0.1140625
7 0.826171875 0.61015625 0.07109375 0.1296875
7 0.742578125 0.066015625 0.04765625 0.10703125
7 0.838671875 0.733984375 0.07421875 0.12734375
5 0.659375 0.065625 0.040625 0.09375
5 0.66640625 0.14453125 0.0421875 0.0921875
5 0.67578125 0.225390625 0.0453125 0.09453125
5 0.68515625 0.304296875 0.0453125 0.10546875
5 0.698828125 0.399609375 0.04140625 0.10234375
5 0.7125 0.503125 0.04375 0.10625
5 0.724609375 0.61328125 0.04609375 0.1046875
5 0.73984375 0.734375 0.0515625 0.115625
12 0.18828125 0.27890625 0.0640625 0.1640625
9 0.174609375 0.3640625 0.06796875 0.190625
8 0.193359375 0.203125 0.05234375 0.128125
8 0.159375 0.4859375 0.059375 0.1375
10 0.20078125 0.129296875 0.0546875 0.11796875
10 0.15546875 0.620703125 0.0671875 0.13515625
13 0.14453125 0.744921875 0.0671875 0.13984375
13 0.20859375 0.052734375 0.0515625 0.10546875
11 0.282421875 0.0578125 0.04609375 0.0875
11 0.281640625 0.137890625 0.04765625 0.09140625
11 0.280859375 0.223046875 0.04609375 0.09609375
11 0.2734375 0.30859375 0.05625 0.0984375
11 0.2734375 0.41171875 0.05625 0.1046875
11 0.26171875 0.511328125 0.0578125 0.09453125
11 0.26171875 0.61640625 0.0609375 0.1046875
11 0.25078125 0.737890625 0.0609375 0.10390625
