7 0.83671875 0.730859375 0.0765625 0.13671875
3 0.803515625 0.48515625 0.09140625 0.2046875
6 0.597265625 0.29140625 0.06328125 0.1765625
10 0.5046875 0.134375 0.065625 0.13125
5 0.5203125 0.065625 0.046875 0.1
5 0.6953125 0.404296875 0.053125 0.11484375
5 0.673046875 0.2265625 0.05546875 0.103125
5 0.516015625 0.302734375 0.04765625 0.10546875
5 0.62578125 0.501953125 0.0546875 0.11328125
4 0.43984375 0.39375 0.0609375 0.1375
10 0.159765625 0.599609375 0.07578125 0.14609375
12 0.360546875 0.291015625 0.06484375 0.16953125
9 0.26953125 0.366796875 0.0765625 0.19609375
11 0.26171875 0.615625 0.0578125 0.1125
13 0.253515625 0.74375 0.06953125 0.1375
13 0.204296875 0.053515625 0.06171875 0.10703125
11 0.28125 0.05625 0.053125 0.109375
11 0.4359375 0.30390625 0.05625 0.1046875
11 0.2859375 0.219140625 0.046875 0.11328125
8 0.43671875 0.598828125 0.0671875 0.14765625
11 0.446875 0.735546875 0.059375 0.11796875
