3 0.72265625 0.637109375 0.0734375 0.19609375
7 0.85 0.77890625 0.06875 0.1359375
13 0.6453125 0.772265625 0.06875 0.13515625
5 0.676171875 0.255078125 0.04921875 0.10078125
5 0.62421875 0.544140625 0.0515625 0.10078125
6 0.59453125 0.323046875 0.0640625 0.17109375
4 0.437109375 0.434765625 0.06171875 0.13828125
5 0.509375 0.337890625 0.04375 0.10078125
12 0.3546875 0.331640625 0.065625 0.16953125
9 0.26015625 0.41796875 0.0671875 0.1953125
13 0.175 0.250390625 0.0625 0.12578125
11 0.43046875 0.340234375 0.0453125 0.09921875
11 0.354296875 0.181640625 0.04921875 0.10703125
11 0.27265625 0.088671875 0.0453125 0.10234375
11 0.2546875 0.67109375 0.05625 0.1171875
