3 0.76875 0.298046875 0.08125 0.20859375
2 0.60078125 0.159375 0.0578125 0.140625
7 0.570703125 0.079296875 0.05390625 0.12734375
7 0.502734375 0.16484375 0.05859375 0.1265625
5 0.684765625 0.341796875 0.04765625 0.11171875
5 0.741015625 0.784765625 0.06328125 0.11953125
5 0.60859375 0.536328125 0.0546875 0.12265625
5 0.541796875 0.66328125 0.06171875 0.1265625
5 0.417578125 0.17734375 0.04765625 0.1046875
4 0.440625 0.25 0.065625 0.1375
4 0.246484375 0.640625 0.08046875 0.15
9 0.16484375 0.40703125 0.0796875 0.2046875
8 0.1859375 0.151171875 0.071875 0.14296875
8 0.35703125 0.424609375 0.0671875 0.14921875
13 0.198046875 0.096875 0.06484375 0.134375
12 0.344921875 0.1484375 0.07109375 0.18125
10 0.235546875 0.78984375 0.07734375 0.1640625
11 0.275 0.16328125 0.053125 0.1140625
11 0.25859375 0.336328125 0.0578125 0.10390625
11 0.259765625 0.4359375 0.06640625 0.115625
11 0.35625 0.56953125 0.0625 0.1265625
