9 0.1609375 0.405078125 0.075 0.20390625
13 0.19765625 0.08984375 0.0578125 0.1265625
8 0.1859375 0.15078125 0.059375 0.1484375
8 0.143359375 0.665234375 0.07421875 0.14296875
10 0.163671875 0.54609375 0.06171875 0.1390625
10 0.348828125 0.32734375 0.05390625 0.1328125
12 0.34453125 0.148828125 0.0640625 0.17578125
11 0.41328125 0.085546875 0.0484375 0.10859375
11 0.415625 0.246484375 0.05 0.10546875
11 0.27421875 0.16640625 0.0484375 0.1078125
11 0.259765625 0.339453125 0.05078125 0.10703125
11 0.261328125 0.440625 0.05703125 0.109375
11 0.245703125 0.666796875 0.06328125 0.11484375
6 0.51875 0.42109375 0.0625 0.1859375
2 0.35859375 0.544140625 0.0609375 0.14765625
4 0.594140625 0.3359375 0.06015625 0.14375
4 0.6359375 0.65390625 0.065625 0.1640625
3 0.772265625 0.2953125 0.07890625 0.196875
2 0.650390625 0.0859375 0.05390625 0.1375
7 0.732421875 0.08671875 0.05546875 0.1265625
7 0.80625 0.540625 0.06875 0.14375
5 0.741015625 0.784765625 0.06015625 0.11328125
5 0.6828125 0.344921875 0.05 0.10546875
5 0.57734375 0.176171875 0.0484375 0.11171875
5 0.5140625 0.262890625 0.046875 0.10703125
5 0.60703125 0.53515625 0.0515625 0.1140625
5 0.540234375 0.66875 0.05234375 0.11875
