12 0.34609375 0.148046875 0.0734375 0.18046875
8 0.184765625 0.15 0.06328125 0.1375
13 0.197265625 0.08984375 0.06328125 0.1265625
9 0.165234375 0.30546875 0.07734375 0.2046875
10 0.23515625 0.7921875 0.0859375 0.165625
11 0.275 0.165625 0.059375 0.11875
11 0.2609375 0.3375 0.05625 0.1125
11 0.2609375 0.43828125 0.059375 0.1171875
11 0.357421875 0.56328125 0.06171875 0.1140625
3 0.7703125 0.296484375 0.084375 0.19921875
2 0.5984375 0.1609375 0.059375 0.140625
4 0.24296875 0.63828125 0.0765625 0.1640625
4 0.35078125 0.43671875 0.0671875 0.1640625
7 0.571875 0.07890625 0.05625 0.1265625
7 0.51171875 0.342578125 0.0640625 0.13515625
5 0.416015625 0.18515625 0.05078125 0.1140625
5 0.68515625 0.340625 0.0484375 0.115625
5 0.546875 0.665625 0.059375 0.125
5 0.603515625 0.537890625 0.05703125 0.12578125
