10 0.452734375 0.647265625 0.06796875 0.16015625
9 0.165234375 0.30390625 0.07734375 0.2046875
12 0.344921875 0.146875 0.06171875 0.178125
8 0.43828125 0.432421875 0.0671875 0.14296875
13 0.423828125 0.158203125 0.06015625 0.12578125
11 0.441015625 0.32734375 0.05390625 0.1046875
11 0.27421875 0.169921875 0.0640625 0.11484375
11 0.259375 0.33984375 0.053125 0.1109375
11 0.353515625 0.562890625 0.05390625 0.12578125
7 0.269921875 0.07421875 0.06171875 0.1296875
4 0.246484375 0.64609375 0.07734375 0.1609375
2 0.509375 0.23515625 0.05 0.1453125
3 0.76953125 0.3 0.0828125 0.2
5 0.685546875 0.341015625 0.04921875 0.11328125
5 0.541796875 0.663671875 0.05234375 0.12421875
5 0.608984375 0.538671875 0.05234375 0.11796875
