3 0.7671875 0.2984375 0.08125 0.20625
7 0.73203125 0.0859375 0.0578125 0.125
7 0.8046875 0.53203125 0.071875 0.1328125
2 0.6375 0.6578125 0.065625 0.15625
2 0.59609375 0.335546875 0.0578125 0.13984375
6 0.521484375 0.424609375 0.06484375 0.18046875
5 0.51328125 0.263671875 0.0453125 0.10859375
5 0.741796875 0.783203125 0.05859375 0.11953125
5 0.683203125 0.343359375 0.05078125 0.11171875
5 0.60703125 0.54296875 0.0578125 0.1140625
5 0.540625 0.6671875 0.059375 0.115625
5 0.4890625 0.174609375 0.053125 0.10234375
2 0.597265625 0.15859375 0.06328125 0.1484375
2 0.359375 0.5390625 0.06875 0.140625
12 0.3453125 0.14921875 0.065625 0.1796875
13 0.196484375 0.086328125 0.05859375 0.11953125
10 0.237890625 0.79140625 0.07890625 0.1484375
10 0.35 0.32578125 0.059375 0.1328125
8 0.355078125 0.42734375 0.05390625 0.1328125
8 0.18828125 0.150390625 0.0578125 0.13828125
9 0.165625 0.409375 0.084375 0.20625
11 0.4140625 0.08828125 0.04375 0.1109375
11 0.41796875 0.248046875 0.0484375 0.11171875
11 0.2734375 0.169140625 0.05 0.10703125
11 0.26171875 0.3390625 0.0515625 0.1125
11 0.259375 0.43828125 0.053125 0.1140625
11 0.25078125 0.666796875 0.0578125 0.11796875
