6 0.78359375 0.296875 0.0734375 0.1625
3 0.788671875 0.36953125 0.07734375 0.1890625
2 0.76328125 0.2140625 0.0515625 0.128125
2 0.8046875 0.496875 0.059375 0.128125
4 0.746484375 0.1375 0.05546875 0.11875
4 0.8265625 0.61328125 0.071875 0.1234375
7 0.741796875 0.06796875 0.04921875 0.1015625
7 0.840625 0.733203125 0.06875 0.12265625
5 0.739453125 0.73671875 0.05078125 0.1015625
5 0.723828125 0.615625 0.05078125 0.096875
5 0.7125 0.51015625 0.05 0.0953125
5 0.7 0.405078125 0.04375 0.09453125
5 0.6859375 0.308203125 0.04375 0.09453125
5 0.67421875 0.228125 0.0453125 0.09375
5 0.666015625 0.14609375 0.04140625 0.0921875
5 0.661328125 0.0609375 0.03828125 0.096875
12 0.189453125 0.278515625 0.06328125 0.16640625
9 0.17421875 0.36484375 0.0671875 0.1921875
8 0.1921875 0.203125 0.05 0.128125
8 0.159375 0.4890625 0.059375 0.1375
10 0.2 0.127734375 0.05625 0.12109375
10 0.156640625 0.622265625 0.06640625 0.13203125
13 0.208984375 0.052734375 0.04921875 0.10546875
13 0.140234375 0.74765625 0.07109375 0.1359375
11 0.2828125 0.058203125 0.04375 0.08828125
11 0.28203125 0.138671875 0.0453125 0.08984375
11 0.280859375 0.224609375 0.04296875 0.09609375
11 0.275 0.3078125 0.05 0.096875
11 0.273828125 0.409765625 0.05390625 0.10078125
11 0.264453125 0.51171875 0.05390625 0.0984375
11 0.26484375 0.6125 0.0515625 0.10625
11 0.25390625 0.733984375 0.0515625 0.11171875
