12 0.34375 0.146484375 0.06875 0.18046875
13 0.198828125 0.091015625 0.06328125 0.12890625
8 0.188671875 0.15078125 0.06171875 0.1453125
9 0.165234375 0.30703125 0.07421875 0.2046875
10 0.240234375 0.787109375 0.08359375 0.16171875
11 0.272265625 0.1640625 0.05390625 0.109375
11 0.2578125 0.3375 0.053125 0.10625
11 0.258984375 0.43515625 0.06171875 0.1109375
11 0.359375 0.562109375 0.059375 0.11484375
3 0.770703125 0.30078125 0.08515625 0.2015625
7 0.5734375 0.08046875 0.059375 0.1296875
2 0.505859375 0.2296875 0.06171875 0.153125
7 0.5109375 0.344140625 0.0625 0.12578125
4 0.35078125 0.43125 0.0734375 0.159375
4 0.240625 0.638671875 0.071875 0.15546875
5 0.418359375 0.17734375 0.04921875 0.1109375
5 0.54296875 0.66484375 0.0578125 0.1140625
5 0.684375 0.341796875 0.053125 0.11171875
5 0.609765625 0.541015625 0.05390625 0.11328125
