7 0.644140625 0.770703125 0.07265625 0.13828125
7 0.84765625 0.7796875 0.0765625 0.140625
3 0.719921875 0.637890625 0.08984375 0.20390625
6 0.593359375 0.323828125 0.06171875 0.17578125
5 0.677734375 0.254296875 0.04921875 0.11484375
5 0.6234375 0.548828125 0.05625 0.11953125
5 0.509765625 0.337890625 0.04765625 0.10703125
4 0.2671875 0.5421875 0.071875 0.14375
9 0.2609375 0.4125 0.071875 0.2
11 0.25546875 0.67109375 0.0578125 0.1109375
13 0.17578125 0.25078125 0.0640625 0.1171875
11 0.2703125 0.0890625 0.05 0.103125
11 0.353515625 0.178515625 0.05078125 0.10703125
11 0.43125 0.342578125 0.05 0.11015625
