2 0.740234375 0.15703125 0.04921875 0.1296875
2 0.52265625 0.32578125 0.0484375 0.1296875
6 0.70859375 0.412109375 0.0515625 0.16484375
4 0.771875 0.296875 0.071875 0.1875
7 0.850390625 0.783203125 0.07265625 0.13828125
7 0.726171875 0.08359375 0.05234375 0.1171875
4 0.8171875 0.54609375 0.071875 0.1359375
5 0.68359375 0.343359375 0.0421875 0.10234375
4 0.60625 0.344921875 0.059375 0.13671875
5 0.65546875 0.093359375 0.0421875 0.09921875
5 0.5765625 0.17734375 0.04375 0.1015625
5 0.51484375 0.262890625 0.0421875 0.10390625
5 0.530078125 0.44921875 0.05078125 0.1046875
5 0.74453125 0.7828125 0.0515625 0.1125
5 0.600390625 0.545703125 0.04765625 0.10703125
5 0.5421875 0.667578125 0.053125 0.11015625
10 0.351953125 0.328125 0.05703125 0.13125
13 0.34765625 0.777734375 0.0640625 0.13671875
13 0.19765625 0.0921875 0.0484375 0.115625
8 0.18671875 0.1515625 0.0546875 0.140625
8 0.141796875 0.6625 0.06484375 0.140625
9 0.163671875 0.409375 0.07109375 0.196875
11 0.41875 0.246484375 0.04375 0.10234375
12 0.27421875 0.221875 0.0671875 0.165625
11 0.41328125 0.086328125 0.0421875 0.09765625
11 0.27265625 0.163671875 0.0421875 0.09609375
11 0.26015625 0.33984375 0.0484375 0.1015625
11 0.260546875 0.437109375 0.05234375 0.10859375
11 0.248046875 0.667578125 0.04609375 0.10078125
11 0.43203125 0.5546875 0.0453125 0.115625
11 0.449609375 0.78828125 0.05546875 0.1078125
