7 0.84140625 0.729296875 0.0765625 0.15234375
5 0.51953125 0.060546875 0.0515625 0.10546875
3 0.790625 0.36953125 0.084375 0.2078125
6 0.59765625 0.29140625 0.0671875 0.1796875
5 0.699609375 0.405078125 0.05859375 0.10078125
5 0.676171875 0.229296875 0.05546875 0.09921875
5 0.664453125 0.14453125 0.04765625 0.1046875
5 0.518359375 0.301953125 0.04609375 0.10703125
5 0.6265625 0.51484375 0.05625 0.1140625
4 0.439453125 0.3953125 0.06953125 0.140625
8 0.44453125 0.603125 0.0671875 0.146875
12 0.3625 0.29140625 0.065625 0.1890625
10 0.50859375 0.137109375 0.0578125 0.14609375
10 0.165625 0.603515625 0.078125 0.14765625
9 0.170703125 0.36484375 0.07890625 0.2015625
13 0.2046875 0.05625 0.065625 0.1125
13 0.25546875 0.741015625 0.0765625 0.13828125
11 0.262109375 0.615625 0.05859375 0.115625
11 0.437890625 0.301953125 0.05390625 0.10703125
11 0.284765625 0.056640625 0.04765625 0.10703125
11 0.2875 0.221484375 0.053125 0.09921875
11 0.451953125 0.73515625 0.06328125 0.1203125
