9 0.175 0.364453125 0.065625 0.19453125
3 0.7890625 0.368359375 0.071875 0.18984375
12 0.189453125 0.27734375 0.06328125 0.1703125
6 0.783203125 0.2984375 0.06953125 0.1625
10 0.16796875 0.601953125 0.0703125 0.13515625
4 0.44453125 0.3921875 0.0546875 0.134375
4 0.5890625 0.130859375 0.046875 0.13359375
8 0.1609375 0.48984375 0.05625 0.1328125
10 0.366015625 0.19609375 0.04765625 0.1328125
13 0.25546875 0.742578125 0.0609375 0.13203125
8 0.19375 0.203125 0.05 0.13125
2 0.751171875 0.212109375 0.04609375 0.13046875
2 0.709375 0.61328125 0.05625 0.1296875
2 0.84140625 0.7328125 0.0703125 0.125
2 0.742578125 0.06484375 0.04765625 0.1078125
11 0.45 0.741015625 0.05 0.10703125
5 0.61953125 0.615625 0.0515625 0.10625
5 0.646484375 0.73984375 0.04921875 0.1046875
11 0.2625 0.516015625 0.05625 0.10390625
13 0.2078125 0.0515625 0.046875 0.103125
11 0.262109375 0.6171875 0.05859375 0.103125
11 0.27421875 0.408203125 0.0578125 0.10078125
11 0.28671875 0.058203125 0.0421875 0.10078125
11 0.282421875 0.2234375 0.04609375 0.1
5 0.709375 0.507421875 0.05 0.09921875
5 0.51796875 0.29765625 0.0453125 0.0984375
5 0.67734375 0.226953125 0.0421875 0.09765625
11 0.430078125 0.139453125 0.04140625 0.09765625
11 0.276171875 0.308984375 0.04609375 0.09609375
5 0.666015625 0.144921875 0.04140625 0.09296875
5 0.659765625 0.061328125 0.03828125 0.09140625
5 0.7 0.401171875 0.046875 0.10546875
