3 0.76953125 0.298046875 0.0796875 0.20234375
2 0.594921875 0.157421875 0.05546875 0.14296875
7 0.57421875 0.08515625 0.0578125 0.1171875
7 0.516015625 0.24375 0.06328125 0.121875
4 0.439453125 0.248828125 0.05703125 0.13203125
5 0.42109375 0.18203125 0.0515625 0.1046875
5 0.6859375 0.341015625 0.05 0.10703125
5 0.60703125 0.540625 0.0515625 0.115625
5 0.74140625 0.78359375 0.0609375 0.1171875
5 0.54140625 0.665234375 0.0609375 0.12421875
4 0.442578125 0.7796875 0.07265625 0.165625
9 0.1609375 0.407421875 0.084375 0.20546875
13 0.19609375 0.08359375 0.0640625 0.1328125
10 0.2375 0.788671875 0.08125 0.16171875
12 0.34296875 0.1484375 0.0671875 0.18125
8 0.18515625 0.15 0.0578125 0.140625
8 0.355078125 0.42734375 0.06015625 0.1453125
11 0.5046875 0.159375 0.053125 0.109375
11 0.2734375 0.16640625 0.05625 0.1140625
11 0.25703125 0.335546875 0.0515625 0.10859375
11 0.25546875 0.4359375 0.0609375 0.1125
11 0.355859375 0.559765625 0.06171875 0.11953125
