3 0.771484375 0.29765625 0.07109375 0.1921875
6 0.7046875 0.421875 0.06875 0.178125
7 0.846484375 0.782421875 0.07734375 0.13359375
7 0.733203125 0.083984375 0.05703125 0.11796875
2 0.358203125 0.540234375 0.06328125 0.14296875
2 0.651171875 0.0796875 0.05234375 0.140625
4 0.60625 0.34296875 0.05625 0.1421875
4 0.646875 0.6609375 0.065625 0.134375
5 0.596484375 0.546484375 0.05859375 0.11484375
5 0.738671875 0.7859375 0.06171875 0.1125
5 0.6828125 0.345703125 0.04375 0.10703125
5 0.57734375 0.178125 0.0421875 0.10625
5 0.506640625 0.091015625 0.04765625 0.10390625
5 0.515234375 0.264453125 0.04609375 0.11015625
5 0.354296875 0.45234375 0.04609375 0.1046875
5 0.54375 0.66484375 0.05 0.1140625
13 0.195703125 0.089453125 0.05078125 0.11640625
13 0.34609375 0.777734375 0.0640625 0.14296875
12 0.27421875 0.221484375 0.0671875 0.16796875
9 0.1609375 0.406640625 0.071875 0.19140625
8 0.185546875 0.153125 0.05546875 0.1375
8 0.143359375 0.664453125 0.06796875 0.13828125
10 0.162109375 0.54609375 0.07421875 0.1328125
10 0.351953125 0.32890625 0.05703125 0.1296875
11 0.417578125 0.24609375 0.04765625 0.1078125
11 0.412109375 0.08671875 0.04609375 0.1046875
11 0.272265625 0.16640625 0.04765625 0.0984375
11 0.261328125 0.341015625 0.04765625 0.10703125
11 0.246875 0.66796875 0.05625 0.1140625
11 0.259765625 0.4359375 0.05390625 0.1125
11 0.431640625 0.558984375 0.04765625 0.11171875
11 0.44609375 0.792578125 0.0578125 0.11640625
