6 0.7828125 0.29453125 0.065625 0.1578125
3 0.79140625 0.3671875 0.0734375 0.18125
2 0.7515625 0.21015625 0.04375 0.1265625
2 0.805078125 0.494140625 0.06328125 0.13203125
4 0.742578125 0.133203125 0.05390625 0.12265625
4 0.826171875 0.61171875 0.07421875 0.1265625
7 0.74296875 0.0671875 0.0484375 0.109375
7 0.84140625 0.735546875 0.0703125 0.12734375
5 0.66015625 0.063671875 0.0390625 0.09609375
5 0.665625 0.1453125 0.040625 0.09375
5 0.67734375 0.2265625 0.0390625 0.09375
5 0.68671875 0.309765625 0.0421875 0.09765625
5 0.69765625 0.400390625 0.0453125 0.09765625
5 0.7109375 0.50703125 0.046875 0.0984375
5 0.7234375 0.615625 0.053125 0.103125
5 0.737890625 0.7328125 0.05078125 0.1125
12 0.18828125 0.280078125 0.0609375 0.16640625
9 0.1734375 0.364453125 0.065625 0.19140625
8 0.194140625 0.20234375 0.04765625 0.1328125
8 0.160546875 0.4875 0.05546875 0.13125
10 0.210546875 0.12734375 0.05546875 0.1265625
10 0.1671875 0.60390625 0.065625 0.1390625
13 0.21015625 0.0515625 0.0453125 0.103125
13 0.14296875 0.744921875 0.0671875 0.13359375
11 0.286328125 0.059375 0.04140625 0.09375
11 0.284375 0.138671875 0.040625 0.08984375
11 0.28203125 0.22421875 0.0390625 0.0953125
11 0.2765625 0.307421875 0.04375 0.09609375
11 0.278515625 0.406640625 0.04453125 0.09765625
11 0.2671875 0.51328125 0.046875 0.1015625
11 0.265234375 0.615625 0.04921875 0.103125
11 0.2546875 0.737109375 0.05625 0.10546875
