2 0.709375 0.61328125 0.071875 0.1359375
3 0.78828125 0.366796875 0.0796875 0.20234375
6 0.59921875 0.293359375 0.0609375 0.17734375
7 0.837890625 0.7328125 0.08203125 0.134375
7 0.587890625 0.064453125 0.04765625 0.11640625
5 0.664453125 0.143359375 0.04453125 0.10546875
5 0.676171875 0.225390625 0.04921875 0.10390625
5 0.700390625 0.403515625 0.05390625 0.10703125
5 0.7078125 0.50703125 0.053125 0.1078125
5 0.641015625 0.740234375 0.05703125 0.11796875
5 0.51796875 0.06640625 0.0453125 0.1078125
5 0.5203125 0.30078125 0.046875 0.1046875
4 0.58984375 0.133203125 0.0515625 0.13515625
4 0.4421875 0.395703125 0.05625 0.14453125
12 0.363671875 0.29453125 0.06484375 0.1703125
13 0.25390625 0.7390625 0.0671875 0.13125
13 0.20625 0.0546875 0.059375 0.109375
9 0.17109375 0.36328125 0.0734375 0.1921875
8 0.158203125 0.487109375 0.06328125 0.13671875
10 0.364453125 0.191015625 0.05390625 0.12890625
10 0.162109375 0.602734375 0.07421875 0.14296875
11 0.43671875 0.301171875 0.0484375 0.10546875
11 0.285546875 0.0578125 0.04921875 0.103125
11 0.28828125 0.216015625 0.0484375 0.10390625
11 0.2734375 0.40859375 0.059375 0.1046875
11 0.263671875 0.5125 0.05546875 0.103125
11 0.26328125 0.615625 0.0578125 0.109375
11 0.45078125 0.737109375 0.0546875 0.11796875
