7 0.85078125 0.743359375 0.0703125 0.13671875
3 0.737109375 0.595703125 0.08671875 0.21328125
6 0.615625 0.288671875 0.06875 0.17109375
5 0.696484375 0.225 0.04609375 0.10625
5 0.6421875 0.504296875 0.05 0.11484375
5 0.534375 0.29765625 0.05 0.1078125
4 0.45859375 0.389453125 0.0734375 0.14140625
12 0.3796875 0.283984375 0.065625 0.18359375
9 0.287109375 0.354296875 0.07109375 0.20546875
11 0.452734375 0.2953125 0.05546875 0.109375
11 0.38515625 0.1359375 0.0515625 0.10625
11 0.303125 0.05 0.046875 0.1
11 0.275390625 0.600390625 0.06328125 0.12578125
13 0.208203125 0.1984375 0.06328125 0.128125
13 0.65703125 0.723828125 0.0734375 0.15390625
