4 0.444140625 0.395703125 0.06328125 0.13515625
5 0.519921875 0.06640625 0.04609375 0.1046875
7 0.840234375 0.7359375 0.08359375 0.140625
3 0.8046875 0.486328125 0.0875 0.20078125
6 0.598828125 0.2921875 0.06328125 0.18125
5 0.696875 0.405859375 0.05 0.10546875
5 0.676953125 0.230078125 0.04453125 0.10390625
5 0.516796875 0.304296875 0.04921875 0.10234375
5 0.62421875 0.50546875 0.0515625 0.1078125
13 0.64140625 0.71796875 0.0734375 0.1421875
13 0.2109375 0.05859375 0.059375 0.1171875
12 0.3625 0.294921875 0.059375 0.17421875
9 0.2703125 0.37265625 0.071875 0.1953125
8 0.440234375 0.6015625 0.06171875 0.14375
10 0.509375 0.13671875 0.053125 0.1328125
10 0.35859375 0.495703125 0.0640625 0.14140625
11 0.43671875 0.300390625 0.0484375 0.10390625
11 0.28359375 0.0578125 0.0484375 0.103125
11 0.287109375 0.216796875 0.04609375 0.10859375
11 0.26328125 0.611328125 0.0578125 0.11640625
