3 0.769140625 0.3015625 0.07890625 0.203125
2 0.5984375 0.156640625 0.053125 0.15078125
2 0.359765625 0.54140625 0.06640625 0.1484375
4 0.59609375 0.33671875 0.0578125 0.1484375
4 0.443359375 0.780859375 0.08046875 0.16171875
7 0.572265625 0.08515625 0.05390625 0.1265625
7 0.521875 0.436328125 0.065625 0.13828125
5 0.740625 0.783203125 0.06875 0.12890625
5 0.683203125 0.341015625 0.05390625 0.11015625
5 0.490234375 0.17578125 0.04609375 0.1078125
5 0.419921875 0.18125 0.05546875 0.109375
5 0.610546875 0.540625 0.05546875 0.115625
5 0.544140625 0.665234375 0.06328125 0.12421875
9 0.161328125 0.407421875 0.08203125 0.20859375
10 0.234765625 0.787890625 0.07578125 0.16015625
12 0.344921875 0.1484375 0.06171875 0.178125
13 0.2 0.0859375 0.059375 0.125
8 0.355078125 0.423828125 0.06328125 0.14765625
8 0.186328125 0.1515625 0.05703125 0.146875
11 0.4109375 0.08515625 0.053125 0.1046875
11 0.272265625 0.169140625 0.05078125 0.10703125
11 0.25703125 0.337109375 0.0515625 0.10859375
11 0.259375 0.438671875 0.059375 0.11171875
11 0.248828125 0.666015625 0.06640625 0.11953125
