3 0.73515625 0.599609375 0.0859375 0.20546875
7 0.850390625 0.74609375 0.07890625 0.1484375
4 0.45546875 0.3859375 0.0765625 0.1375
6 0.614453125 0.291796875 0.06640625 0.18359375
5 0.695703125 0.22421875 0.05390625 0.1171875
5 0.5359375 0.3 0.05 0.109375
5 0.6390625 0.51015625 0.05 0.1140625
13 0.657421875 0.720703125 0.07109375 0.14453125
10 0.528125 0.129296875 0.0625 0.14296875
9 0.287109375 0.3578125 0.07421875 0.203125
13 0.23125 0.046875 0.059375 0.09375
12 0.379296875 0.280859375 0.05546875 0.17734375
11 0.454296875 0.2953125 0.05546875 0.11875
11 0.30546875 0.04921875 0.0515625 0.0984375
11 0.304296875 0.202734375 0.05234375 0.11171875
11 0.27734375 0.599609375 0.0578125 0.11171875
