6 0.78359375 0.297265625 0.0671875 0.15390625
3 0.787890625 0.36953125 0.06953125 0.1859375
2 0.709765625 0.615625 0.05390625 0.1375
2 0.7515625 0.2109375 0.05 0.134375
13 0.8375 0.7328125 0.071875 0.1375
13 0.74140625 0.06875 0.0484375 0.115625
4 0.440625 0.39453125 0.05625 0.1296875
4 0.591796875 0.130859375 0.04609375 0.13046875
5 0.66484375 0.14765625 0.0390625 0.0828125
5 0.65859375 0.06015625 0.0421875 0.0953125
5 0.709375 0.508203125 0.046875 0.09765625
5 0.696484375 0.401953125 0.04609375 0.10078125
5 0.67421875 0.225390625 0.0421875 0.10078125
5 0.51640625 0.300390625 0.0390625 0.10390625
5 0.615234375 0.616015625 0.04921875 0.10703125
5 0.644921875 0.73984375 0.05234375 0.1140625
13 0.20625 0.053125 0.053125 0.10625
13 0.253125 0.74140625 0.065625 0.1328125
9 0.17109375 0.36328125 0.0734375 0.1953125
12 0.1859375 0.276953125 0.071875 0.16640625
8 0.158984375 0.489453125 0.06171875 0.13828125
8 0.3625 0.054296875 0.05 0.10859375
10 0.36484375 0.19765625 0.0546875 0.1328125
10 0.16796875 0.600390625 0.0703125 0.13828125
11 0.45 0.736328125 0.053125 0.10703125
11 0.265234375 0.509765625 0.04609375 0.09765625
11 0.2625 0.61484375 0.05625 0.1046875
11 0.276171875 0.4109375 0.04609375 0.103125
11 0.4375 0.301171875 0.04375 0.09609375
11 0.4296875 0.1421875 0.04375 0.09375
11 0.28125 0.22109375 0.04375 0.1015625
11 0.284765625 0.06015625 0.04453125 0.1015625
