6 0.595703125 0.29765625 0.07265625 0.1703125
3 0.7875 0.3703125 0.0875 0.2
7 0.83828125 0.724609375 0.0765625 0.15234375
7 0.584375 0.06171875 0.053125 0.1109375
4 0.589453125 0.13515625 0.06328125 0.1296875
4 0.44296875 0.39375 0.0671875 0.140625
5 0.665234375 0.145703125 0.04609375 0.10078125
5 0.677734375 0.229296875 0.04609375 0.10546875
5 0.6984375 0.401171875 0.05 0.11796875
5 0.625 0.50234375 0.05625 0.1109375
5 0.516015625 0.30078125 0.05078125 0.1046875
5 0.519921875 0.066015625 0.04921875 0.10703125
12 0.36171875 0.29609375 0.0734375 0.1703125
8 0.2578125 0.380078125 0.065625 0.15078125
13 0.3640625 0.190625 0.059375 0.1375
13 0.16484375 0.6015625 0.0765625 0.153125
9 0.16796875 0.36796875 0.0796875 0.2046875
13 0.204296875 0.054296875 0.06484375 0.10859375
13 0.25078125 0.74140625 0.0765625 0.1421875
11 0.282421875 0.056640625 0.04921875 0.10078125
11 0.2625 0.615625 0.05625 0.115625
11 0.2890625 0.219140625 0.05625 0.11328125
11 0.434765625 0.301953125 0.05078125 0.10703125
11 0.447265625 0.7375 0.05703125 0.121875
