13 0.1984375 0.08671875 0.06875 0.1265625
13 0.1984375 0.08671875 0.06875 0.1265625
9 0.1640625 0.40546875 0.0875 0.2234375
12 0.34609375 0.14609375 0.0671875 0.1828125
8 0.184375 0.151953125 0.059375 0.14765625
8 0.35703125 0.427734375 0.0671875 0.14921875
10 0.2328125 0.786328125 0.084375 0.16953125
11 0.271875 0.16796875 0.046875 0.1203125
11 0.25859375 0.3390625 0.0546875 0.109375
11 0.256640625 0.43828125 0.05703125 0.1203125
11 0.357421875 0.564453125 0.06171875 0.11953125
3 0.771875 0.303515625 0.084375 0.21328125
4 0.439453125 0.78125 0.07578125 0.159375
2 0.6 0.16015625 0.05 0.1390625
4 0.439453125 0.245703125 0.06328125 0.13828125
7 0.570703125 0.082421875 0.05390625 0.12734375
7 0.503125 0.162890625 0.059375 0.13203125
5 0.4171875 0.18046875 0.046875 0.1078125
5 0.74375 0.78125 0.065625 0.11875
5 0.684765625 0.344140625 0.05078125 0.10703125
5 0.60625 0.54140625 0.053125 0.1140625
5 0.544140625 0.664453125 0.05703125 0.11640625
