10 0.244140625 0.6421875 0.06953125 0.159375
3 0.7703125 0.304296875 0.08125 0.20234375
7 0.572265625 0.0828125 0.05703125 0.13125
2 0.50703125 0.230859375 0.0578125 0.14609375
5 0.4203125 0.180859375 0.05 0.10546875
5 0.685546875 0.346875 0.04609375 0.1125
5 0.606640625 0.53984375 0.05390625 0.1203125
5 0.54296875 0.666015625 0.0546875 0.11640625
10 0.452734375 0.646484375 0.07109375 0.15546875
8 0.440625 0.429296875 0.059375 0.15546875
9 0.164453125 0.30234375 0.07578125 0.2078125
13 0.43359375 0.077734375 0.0546875 0.12734375
12 0.3453125 0.14921875 0.059375 0.1765625
11 0.27265625 0.166796875 0.0515625 0.10859375
11 0.259375 0.341015625 0.059375 0.11015625
11 0.34921875 0.330859375 0.0546875 0.11484375
11 0.355859375 0.556640625 0.05546875 0.12578125
