3 0.76875 0.296484375 0.084375 0.21484375
7 0.56953125 0.08671875 0.0578125 0.1328125
2 0.508984375 0.232421875 0.06796875 0.15546875
5 0.681640625 0.3421875 0.05390625 0.115625
5 0.607421875 0.540234375 0.05859375 0.12109375
5 0.5453125 0.662109375 0.059375 0.12734375
5 0.41953125 0.18125 0.0578125 0.11875
4 0.349609375 0.438671875 0.07109375 0.15234375
4 0.2421875 0.63828125 0.075 0.1609375
10 0.23359375 0.784375 0.0765625 0.153125
13 0.19609375 0.089453125 0.0640625 0.12890625
12 0.346484375 0.1484375 0.06484375 0.178125
9 0.164453125 0.304296875 0.08515625 0.20234375
8 0.438671875 0.42734375 0.06171875 0.1578125
11 0.34921875 0.326953125 0.0515625 0.11328125
11 0.275 0.1671875 0.05625 0.109375
11 0.2609375 0.336328125 0.059375 0.11953125
11 0.352734375 0.5625 0.06796875 0.125
