3 0.69296875 0.3109375 0.0859375 0.20625
12 0.73828125 0.1390625 0.0796875 0.171875
8 0.44296875 0.433984375 0.0609375 0.14921875
13 0.436328125 0.340234375 0.06953125 0.13671875
7 0.271875 0.069140625 0.05625 0.12890625
9 0.165625 0.30625 0.084375 0.2125
11 0.276171875 0.1640625 0.05859375 0.1125
11 0.35703125 0.56015625 0.0609375 0.1140625
11 0.25859375 0.3359375 0.0546875 0.11875
5 0.346875 0.439453125 0.05625 0.11328125
5 0.5921875 0.34453125 0.05625 0.1140625
5 0.544140625 0.665234375 0.05390625 0.11796875
