2 0.596484375 0.15703125 0.05234375 0.1453125
3 0.769140625 0.30078125 0.08203125 0.1953125
4 0.24296875 0.639453125 0.0703125 0.15703125
4 0.35078125 0.43359375 0.0671875 0.1484375
5 0.74140625 0.78828125 0.0609375 0.1171875
5 0.686328125 0.3453125 0.05390625 0.1125
5 0.608203125 0.538671875 0.05078125 0.11484375
5 0.5421875 0.66875 0.059375 0.121875
7 0.57109375 0.079296875 0.0515625 0.12734375
7 0.5109375 0.34453125 0.05625 0.1265625
13 0.196484375 0.08828125 0.05546875 0.1234375
5 0.41953125 0.18203125 0.0484375 0.1109375
9 0.16953125 0.30703125 0.0828125 0.2015625
10 0.23671875 0.78828125 0.0828125 0.1546875
8 0.18671875 0.14609375 0.0640625 0.1578125
12 0.348828125 0.1484375 0.06328125 0.184375
11 0.272265625 0.16640625 0.05078125 0.1078125
11 0.259765625 0.33984375 0.05390625 0.1140625
11 0.26015625 0.4359375 0.0578125 0.1125
11 0.35546875 0.5625 0.0578125 0.115625
