3 0.76875 0.301953125 0.071875 0.18828125
6 0.791015625 0.402734375 0.07265625 0.16796875
4 0.815625 0.540625 0.06875 0.125
4 0.766015625 0.245703125 0.06328125 0.11953125
2 0.8234375 0.65546875 0.065625 0.1390625
2 0.7421875 0.1546875 0.05 0.1375
7 0.726953125 0.083984375 0.05390625 0.11484375
7 0.8484375 0.78515625 0.078125 0.1328125
5 0.74375 0.78671875 0.05625 0.1078125
5 0.725 0.64609375 0.053125 0.1078125
5 0.700390625 0.544921875 0.05078125 0.10234375
5 0.69765625 0.4296875 0.0484375 0.1
5 0.677734375 0.344140625 0.05546875 0.10078125
5 0.675390625 0.269140625 0.04765625 0.10078125
5 0.654296875 0.178515625 0.04609375 0.09765625
5 0.653515625 0.089453125 0.04140625 0.10078125
12 0.1765625 0.32734375 0.06875 0.1734375
9 0.1609375 0.4078125 0.075 0.19375
10 0.169140625 0.246484375 0.06015625 0.12109375
10 0.157421875 0.543359375 0.07734375 0.13671875
8 0.1859375 0.14609375 0.059375 0.1421875
8 0.140234375 0.662109375 0.06796875 0.14296875
13 0.1953125 0.091015625 0.05625 0.11640625
13 0.13515625 0.808203125 0.0765625 0.13828125
11 0.26640625 0.091796875 0.0484375 0.09921875
11 0.27421875 0.16953125 0.0484375 0.1046875
11 0.259765625 0.25625 0.05078125 0.103125
11 0.259375 0.34140625 0.053125 0.1015625
11 0.2609375 0.4375 0.05625 0.109375
11 0.23984375 0.802734375 0.0609375 0.10859375
11 0.24375 0.665625 0.059375 0.115625
11 0.43125 0.558203125 0.053125 0.11328125
