6 0.7921875 0.40546875 0.075 0.1734375
3 0.7703125 0.30390625 0.075 0.1796875
4 0.7671875 0.24453125 0.065625 0.1203125
4 0.81640625 0.541015625 0.0765625 0.11953125
2 0.744140625 0.15625 0.05078125 0.134375
2 0.823046875 0.655078125 0.06484375 0.13203125
7 0.725 0.080859375 0.053125 0.12421875
7 0.848828125 0.7859375 0.07578125 0.128125
5 0.7453125 0.78671875 0.059375 0.1109375
5 0.721875 0.646484375 0.0625 0.11171875
5 0.69765625 0.541796875 0.0546875 0.10234375
5 0.69453125 0.429296875 0.0515625 0.09921875
5 0.68515625 0.345703125 0.0484375 0.09765625
5 0.678125 0.266796875 0.046875 0.09921875
5 0.66015625 0.17578125 0.0421875 0.0953125
5 0.65546875 0.091796875 0.0421875 0.09921875
12 0.17734375 0.32421875 0.0640625 0.1703125
9 0.1609375 0.406640625 0.071875 0.19453125
10 0.17265625 0.24453125 0.0640625 0.1140625
10 0.16015625 0.544140625 0.0671875 0.13203125
8 0.186328125 0.15 0.05390625 0.134375
8 0.14296875 0.662890625 0.0671875 0.13828125
13 0.195703125 0.086328125 0.05390625 0.11953125
13 0.130859375 0.805859375 0.07109375 0.13671875
11 0.266015625 0.089453125 0.04453125 0.09765625
11 0.27109375 0.170703125 0.0453125 0.10078125
11 0.25859375 0.255078125 0.0453125 0.10078125
11 0.2625 0.335546875 0.05 0.09609375
11 0.26015625 0.43828125 0.0515625 0.1046875
11 0.25234375 0.5484375 0.0515625 0.10625
11 0.24453125 0.669140625 0.0546875 0.11015625
11 0.237890625 0.80390625 0.06328125 0.1078125
