8 0.44296875 0.4328125 0.0703125 0.140625
13 0.43515625 0.340625 0.0578125 0.13125
10 0.451171875 0.64921875 0.07109375 0.1578125
9 0.167578125 0.304296875 0.08203125 0.21171875
12 0.3453125 0.14609375 0.06875 0.1765625
11 0.274609375 0.166015625 0.05546875 0.11015625
11 0.26015625 0.339453125 0.0578125 0.10703125
11 0.35703125 0.56484375 0.0515625 0.1171875
7 0.273828125 0.069921875 0.04765625 0.13046875
4 0.349609375 0.420703125 0.06171875 0.15390625
3 0.771875 0.297265625 0.0875 0.20078125
5 0.42890625 0.540234375 0.0546875 0.10859375
5 0.589453125 0.34296875 0.05390625 0.1140625
5 0.541796875 0.662890625 0.05859375 0.11953125
