8 0.185546875 0.150390625 0.06484375 0.13828125
8 0.356640625 0.423828125 0.05078125 0.13203125
10 0.2359375 0.7859375 0.071875 0.15625
10 0.353125 0.326171875 0.059375 0.13359375
12 0.345703125 0.14609375 0.06328125 0.1734375
9 0.1625 0.40859375 0.078125 0.1984375
13 0.196875 0.09140625 0.059375 0.1265625
11 0.413671875 0.08359375 0.04609375 0.1078125
11 0.249609375 0.666015625 0.05546875 0.11328125
11 0.2609375 0.437890625 0.059375 0.10703125
11 0.260546875 0.338671875 0.05234375 0.10859375
11 0.275390625 0.16484375 0.05078125 0.1140625
2 0.597265625 0.1609375 0.05078125 0.146875
2 0.357421875 0.538671875 0.05546875 0.14296875
4 0.44140625 0.778125 0.0671875 0.153125
4 0.59609375 0.334765625 0.0578125 0.14140625
3 0.76953125 0.294140625 0.0796875 0.19765625
7 0.570703125 0.080078125 0.05078125 0.12265625
7 0.78984375 0.436328125 0.0703125 0.12890625
5 0.74296875 0.783984375 0.0609375 0.11484375
5 0.6859375 0.340625 0.046875 0.109375
5 0.48984375 0.172265625 0.0421875 0.10078125
5 0.51484375 0.263671875 0.0421875 0.10546875
5 0.6078125 0.538671875 0.053125 0.11484375
5 0.542578125 0.6671875 0.05078125 0.1125
