7 0.854296875 0.7421875 0.07734375 0.1375
13 0.65625 0.72265625 0.065625 0.1390625
3 0.741015625 0.59765625 0.08515625 0.1953125
6 0.61953125 0.29140625 0.0640625 0.1734375
5 0.715234375 0.4046875 0.05546875 0.1125
5 0.69765625 0.2296875 0.0484375 0.109375
5 0.641015625 0.503125 0.04765625 0.109375
4 0.45859375 0.38671875 0.0640625 0.1359375
5 0.5359375 0.294140625 0.04375 0.10078125
10 0.53046875 0.128515625 0.0546875 0.13515625
10 0.46328125 0.72421875 0.0671875 0.1515625
8 0.45546875 0.594140625 0.0546875 0.14140625
12 0.380859375 0.28203125 0.05859375 0.1765625
9 0.28828125 0.3578125 0.0671875 0.203125
13 0.2328125 0.048828125 0.046875 0.09765625
11 0.456640625 0.29609375 0.04765625 0.1015625
11 0.306640625 0.04765625 0.05078125 0.0953125
11 0.307421875 0.204296875 0.04921875 0.10546875
11 0.27734375 0.60078125 0.0609375 0.1109375
