3 0.7703125 0.301171875 0.078125 0.19296875
6 0.520703125 0.42421875 0.06328125 0.1734375
2 0.651953125 0.08125 0.05390625 0.1375
7 0.73359375 0.084375 0.0515625 0.115625
7 0.847265625 0.78515625 0.07890625 0.1359375
5 0.741796875 0.783984375 0.06171875 0.11171875
4 0.639453125 0.655078125 0.06953125 0.15078125
4 0.60546875 0.3390625 0.0578125 0.1375
5 0.684765625 0.344140625 0.04765625 0.10078125
5 0.57890625 0.17578125 0.0453125 0.1015625
5 0.51484375 0.2625 0.0453125 0.103125
5 0.608203125 0.541015625 0.04765625 0.10703125
5 0.541796875 0.6671875 0.05234375 0.109375
5 0.356640625 0.448828125 0.04765625 0.09765625
2 0.35859375 0.543359375 0.0578125 0.13984375
11 0.27265625 0.16796875 0.0453125 0.1046875
12 0.276171875 0.221484375 0.05859375 0.16484375
9 0.1625 0.404296875 0.071875 0.18984375
10 0.16171875 0.54453125 0.0734375 0.1359375
8 0.18515625 0.15234375 0.0671875 0.1328125
8 0.14296875 0.6625 0.0640625 0.1375
10 0.35390625 0.327734375 0.0609375 0.13046875
13 0.195703125 0.087109375 0.06328125 0.12734375
11 0.412109375 0.0859375 0.04609375 0.10625
11 0.417578125 0.248828125 0.04765625 0.10703125
11 0.258984375 0.3390625 0.04921875 0.103125
11 0.25859375 0.439453125 0.0546875 0.10390625
11 0.244140625 0.667578125 0.06015625 0.11328125
11 0.430078125 0.559765625 0.04765625 0.10703125
