7 0.85 0.783203125 0.071875 0.13203125
7 0.7328125 0.08203125 0.053125 0.1078125
6 0.705078125 0.412890625 0.06328125 0.16953125
3 0.771875 0.29921875 0.078125 0.1921875
4 0.816015625 0.54375 0.06953125 0.13125
4 0.6078125 0.34140625 0.059375 0.1328125
2 0.74140625 0.1578125 0.0546875 0.134375
2 0.5203125 0.33203125 0.046875 0.1359375
5 0.74453125 0.786328125 0.0578125 0.11328125
5 0.683203125 0.34375 0.04453125 0.103125
5 0.5765625 0.17734375 0.04375 0.1078125
5 0.50703125 0.087890625 0.0421875 0.10078125
5 0.51328125 0.2640625 0.0421875 0.103125
5 0.53359375 0.44765625 0.0453125 0.1046875
5 0.599609375 0.54609375 0.04609375 0.1109375
5 0.544140625 0.667578125 0.05078125 0.11953125
9 0.16484375 0.405859375 0.0734375 0.19296875
10 0.353515625 0.331640625 0.05703125 0.13515625
10 0.160546875 0.547265625 0.06796875 0.13203125
13 0.3484375 0.77890625 0.065625 0.1390625
13 0.1984375 0.091015625 0.05 0.11953125
8 0.186328125 0.15234375 0.05390625 0.1421875
8 0.14453125 0.665234375 0.0609375 0.13984375
12 0.27578125 0.22109375 0.0671875 0.1640625
11 0.275 0.16796875 0.040625 0.1046875
11 0.2625 0.33828125 0.04375 0.1015625
11 0.413671875 0.084765625 0.04296875 0.10390625
11 0.416796875 0.246875 0.04609375 0.10625
11 0.260546875 0.4390625 0.04921875 0.103125
11 0.2484375 0.66953125 0.053125 0.1078125
11 0.448828125 0.7890625 0.05390625 0.115625
11 0.429296875 0.559765625 0.04921875 0.11015625
