6 0.60234375 0.289453125 0.0765625 0.17890625
4 0.4453125 0.397265625 0.071875 0.14140625
8 0.441015625 0.598828125 0.06953125 0.15078125
12 0.36328125 0.289453125 0.0671875 0.17578125
10 0.1671875 0.594140625 0.075 0.16328125
9 0.267578125 0.36875 0.07890625 0.196875
13 0.20625 0.05546875 0.0625 0.1109375
13 0.25546875 0.741796875 0.0828125 0.13984375
11 0.259765625 0.61171875 0.06328125 0.1078125
11 0.286328125 0.215234375 0.05703125 0.10546875
11 0.284765625 0.058203125 0.05703125 0.10390625
11 0.438671875 0.30390625 0.04609375 0.1015625
11 0.44921875 0.73671875 0.0640625 0.1171875
5 0.519140625 0.065234375 0.05390625 0.10234375
5 0.67890625 0.230859375 0.0546875 0.10859375
5 0.66328125 0.143359375 0.0515625 0.10234375
5 0.518359375 0.301171875 0.05546875 0.10546875
5 0.6234375 0.50546875 0.059375 0.1171875
5 0.6984375 0.40546875 0.053125 0.1140625
3 0.790625 0.366796875 0.08125 0.20546875
7 0.83984375 0.734375 0.0828125 0.14375
