7 0.8390625 0.732421875 0.078125 0.13984375
3 0.81015625 0.4875 0.0796875 0.203125
5 0.52265625 0.0671875 0.0453125 0.10625
4 0.44140625 0.394140625 0.0671875 0.13828125
9 0.267578125 0.3734375 0.07578125 0.203125
12 0.359765625 0.290625 0.06640625 0.1875
6 0.59765625 0.29140625 0.0671875 0.1765625
5 0.66328125 0.143359375 0.0484375 0.10859375
5 0.6734375 0.22421875 0.05 0.1078125
5 0.69765625 0.405859375 0.0515625 0.10546875
5 0.623828125 0.50703125 0.06015625 0.1171875
5 0.515625 0.296875 0.053125 0.115625
10 0.505859375 0.13359375 0.06484375 0.1484375
10 0.1640625 0.60078125 0.075 0.1515625
13 0.25625 0.744921875 0.084375 0.14609375
13 0.20390625 0.0546875 0.0609375 0.109375
8 0.437890625 0.59921875 0.06640625 0.1484375
11 0.436328125 0.300390625 0.05390625 0.10078125
11 0.283203125 0.0546875 0.05078125 0.096875
11 0.28359375 0.215625 0.0515625 0.115625
11 0.2609375 0.614453125 0.0625 0.11640625
11 0.45 0.73828125 0.059375 0.1140625
