6 0.78359375 0.29609375 0.0734375 0.1640625
3 0.78984375 0.369921875 0.0734375 0.18984375
7 0.838671875 0.734765625 0.07421875 0.13203125
7 0.7390625 0.066796875 0.04375 0.10859375
2 0.7546875 0.211328125 0.046875 0.13515625
2 0.71015625 0.61484375 0.0609375 0.1359375
5 0.66015625 0.060546875 0.0421875 0.09609375
5 0.676171875 0.23046875 0.03984375 0.0984375
5 0.665234375 0.145703125 0.03984375 0.09453125
5 0.710546875 0.506640625 0.05234375 0.09453125
5 0.698046875 0.4 0.04296875 0.103125
5 0.644140625 0.73984375 0.04765625 0.1046875
5 0.617578125 0.616796875 0.05078125 0.10859375
5 0.5171875 0.299609375 0.04375 0.09921875
4 0.589453125 0.13203125 0.05078125 0.1265625
4 0.443359375 0.389453125 0.05546875 0.14140625
12 0.18828125 0.274609375 0.0609375 0.16796875
9 0.17421875 0.360546875 0.0640625 0.18671875
8 0.194140625 0.20234375 0.04765625 0.1328125
8 0.16015625 0.4890625 0.0546875 0.13125
10 0.36484375 0.2015625 0.0484375 0.140625
10 0.16640625 0.602734375 0.0671875 0.13984375
13 0.2546875 0.741015625 0.059375 0.13515625
13 0.207421875 0.05234375 0.04296875 0.1046875
11 0.28515625 0.056640625 0.0359375 0.09140625
11 0.286328125 0.136328125 0.03828125 0.08828125
11 0.281640625 0.223828125 0.03828125 0.09140625
11 0.2765625 0.306640625 0.04375 0.09765625
11 0.276171875 0.4078125 0.04609375 0.096875
11 0.265234375 0.509765625 0.04609375 0.10078125
11 0.26328125 0.612890625 0.0484375 0.10390625
11 0.448828125 0.734375 0.05078125 0.1125
