7 0.83984375 0.730078125 0.0765625 0.15703125
3 0.807421875 0.48828125 0.08671875 0.2046875
6 0.597265625 0.294140625 0.06328125 0.17265625
5 0.67734375 0.2296875 0.0484375 0.109375
5 0.7 0.403515625 0.053125 0.10703125
5 0.62421875 0.502734375 0.0546875 0.10859375
5 0.521875 0.0640625 0.034375 0.096875
5 0.516796875 0.303125 0.04921875 0.103125
4 0.442578125 0.39375 0.06328125 0.1375
10 0.508984375 0.1359375 0.05234375 0.134375
8 0.44296875 0.59921875 0.0578125 0.1453125
9 0.2671875 0.366796875 0.075 0.19609375
12 0.3625 0.2921875 0.059375 0.18125
10 0.35625 0.48828125 0.0625 0.1453125
13 0.209375 0.054296875 0.053125 0.10859375
11 0.284375 0.055078125 0.046875 0.10078125
11 0.2859375 0.21640625 0.05 0.1046875
11 0.43828125 0.300390625 0.0453125 0.09765625
11 0.4453125 0.736328125 0.059375 0.11015625
11 0.26328125 0.613671875 0.0578125 0.10859375
13 0.2546875 0.742578125 0.078125 0.13828125
