3 0.766796875 0.298828125 0.07734375 0.20078125
7 0.801171875 0.529296875 0.07109375 0.13359375
7 0.733203125 0.08671875 0.05390625 0.1265625
4 0.59609375 0.3359375 0.0578125 0.140625
4 0.638671875 0.654296875 0.07109375 0.15234375
5 0.740625 0.7828125 0.059375 0.115625
6 0.5203125 0.424609375 0.065625 0.17421875
5 0.578125 0.175 0.05 0.1125
5 0.684375 0.34609375 0.046875 0.1078125
5 0.6046875 0.540234375 0.053125 0.11171875
5 0.544921875 0.666796875 0.04609375 0.11171875
5 0.515234375 0.262890625 0.04921875 0.10390625
2 0.652734375 0.0796875 0.05234375 0.1375
2 0.358984375 0.53828125 0.06171875 0.1484375
12 0.346484375 0.14765625 0.06171875 0.1734375
9 0.162890625 0.405078125 0.08515625 0.20390625
10 0.2375 0.78828125 0.06875 0.1546875
13 0.19609375 0.086328125 0.0515625 0.12578125
8 0.1890625 0.148046875 0.053125 0.14296875
8 0.14140625 0.6625 0.0703125 0.15
10 0.351953125 0.33046875 0.06328125 0.1421875
11 0.412890625 0.085546875 0.05078125 0.10859375
11 0.416015625 0.243359375 0.04765625 0.11171875
11 0.273046875 0.166015625 0.04921875 0.10703125
11 0.258984375 0.33828125 0.04921875 0.1046875
11 0.258984375 0.438671875 0.05546875 0.11484375
11 0.250390625 0.665625 0.05390625 0.1125
