3 0.766796875 0.30078125 0.07734375 0.2015625
4 0.594921875 0.337890625 0.05546875 0.14453125
4 0.441015625 0.78125 0.06640625 0.159375
7 0.5703125 0.0796875 0.05625 0.128125
7 0.52265625 0.434375 0.0609375 0.1375
5 0.741796875 0.78203125 0.06171875 0.1234375
5 0.682421875 0.3421875 0.05234375 0.109375
5 0.6078125 0.5390625 0.05 0.115625
5 0.54140625 0.66328125 0.0578125 0.1140625
5 0.514453125 0.2640625 0.05390625 0.103125
5 0.4921875 0.171484375 0.05 0.10859375
2 0.597265625 0.158984375 0.05078125 0.14921875
2 0.354296875 0.53828125 0.06796875 0.1484375
12 0.34765625 0.14765625 0.0578125 0.1765625
10 0.237890625 0.788671875 0.07265625 0.16171875
10 0.348828125 0.323828125 0.06015625 0.13515625
8 0.357421875 0.430078125 0.05546875 0.13828125
8 0.184375 0.15078125 0.06875 0.1421875
13 0.1984375 0.09296875 0.05625 0.1203125
9 0.163671875 0.405859375 0.07734375 0.20234375
11 0.411328125 0.085546875 0.05078125 0.10859375
11 0.275390625 0.16796875 0.05078125 0.1046875
11 0.260546875 0.337890625 0.04921875 0.10078125
11 0.259375 0.43515625 0.053125 0.1109375
11 0.249609375 0.6671875 0.05859375 0.115625
