7 0.5859375 0.067578125 0.053125 0.12265625
7 0.840234375 0.734765625 0.07421875 0.13828125
3 0.789453125 0.36953125 0.07890625 0.1984375
6 0.597265625 0.291796875 0.06953125 0.17109375
5 0.664453125 0.144140625 0.04453125 0.10078125
5 0.676171875 0.228515625 0.04609375 0.10703125
5 0.6984375 0.4 0.053125 0.1125
5 0.621875 0.505078125 0.05 0.10703125
5 0.516015625 0.301953125 0.05390625 0.10703125
5 0.516796875 0.065625 0.04609375 0.1
4 0.58984375 0.13359375 0.0484375 0.1328125
4 0.436328125 0.394140625 0.06953125 0.13828125
12 0.360546875 0.29609375 0.07109375 0.1703125
13 0.20625 0.05546875 0.059375 0.1109375
13 0.255078125 0.744921875 0.06953125 0.13671875
9 0.166015625 0.362109375 0.07890625 0.19609375
8 0.1546875 0.4875 0.075 0.1375
10 0.366015625 0.19609375 0.06015625 0.1359375
10 0.163671875 0.60625 0.07734375 0.14375
11 0.4359375 0.298046875 0.05 0.10546875
11 0.28359375 0.055859375 0.0453125 0.10234375
11 0.28515625 0.215234375 0.0484375 0.10859375
11 0.2625 0.61484375 0.059375 0.1203125
11 0.44453125 0.73515625 0.0609375 0.1171875
