6 0.782421875 0.294921875 0.06796875 0.15546875
3 0.7875 0.367578125 0.071875 0.18515625
2 0.809375 0.49296875 0.05625 0.1296875
2 0.753515625 0.211328125 0.04765625 0.12578125
4 0.74453125 0.137890625 0.0578125 0.11015625
4 0.8265625 0.611328125 0.071875 0.11953125
7 0.741796875 0.06640625 0.04609375 0.1015625
7 0.83984375 0.733203125 0.0671875 0.12578125
5 0.739453125 0.736328125 0.05078125 0.10078125
5 0.724609375 0.614453125 0.04921875 0.10078125
5 0.710546875 0.50859375 0.04296875 0.0953125
5 0.698828125 0.40625 0.04453125 0.096875
5 0.68671875 0.3078125 0.0453125 0.09375
5 0.674609375 0.22734375 0.03984375 0.0953125
5 0.666015625 0.145703125 0.04140625 0.08828125
5 0.660546875 0.06328125 0.03984375 0.0921875
12 0.190234375 0.278125 0.06171875 0.165625
9 0.17578125 0.3640625 0.0640625 0.190625
8 0.19453125 0.204296875 0.0484375 0.13046875
8 0.16171875 0.48828125 0.0546875 0.1296875
10 0.211328125 0.12578125 0.05078125 0.1265625
10 0.166796875 0.601171875 0.06484375 0.13984375
13 0.14375 0.74609375 0.0625 0.1328125
13 0.209375 0.05078125 0.046875 0.1015625
11 0.287890625 0.05546875 0.03828125 0.0953125
11 0.28515625 0.137890625 0.0421875 0.08828125
11 0.283203125 0.225 0.04140625 0.096875
11 0.276953125 0.30859375 0.04765625 0.0984375
11 0.278125 0.41015625 0.046875 0.0984375
11 0.264453125 0.513671875 0.05390625 0.10234375
11 0.264453125 0.61640625 0.05078125 0.1046875
11 0.25234375 0.740625 0.0546875 0.103125
