12 0.344921875 0.146484375 0.07109375 0.18359375
9 0.162890625 0.408203125 0.08515625 0.21953125
13 0.198046875 0.0859375 0.06171875 0.13125
8 0.186328125 0.14765625 0.06328125 0.1515625
8 0.353125 0.42734375 0.071875 0.1515625
10 0.234375 0.787109375 0.0875 0.17734375
11 0.41484375 0.086328125 0.0484375 0.11328125
11 0.27421875 0.16484375 0.0578125 0.1203125
11 0.2609375 0.341796875 0.05625 0.12109375
11 0.259375 0.436328125 0.065625 0.12265625
11 0.358984375 0.563671875 0.05546875 0.12421875
3 0.7703125 0.298046875 0.08125 0.19921875
2 0.596875 0.1578125 0.05 0.146875
4 0.4390625 0.775 0.075 0.16875
4 0.437890625 0.246484375 0.07265625 0.13359375
7 0.56875 0.08046875 0.059375 0.1265625
7 0.52265625 0.43671875 0.0640625 0.1359375
5 0.74296875 0.78125 0.0609375 0.121875
5 0.4171875 0.18046875 0.053125 0.1046875
5 0.49140625 0.17265625 0.0515625 0.1046875
5 0.68515625 0.341015625 0.0484375 0.11015625
5 0.607421875 0.5390625 0.05546875 0.121875
5 0.54140625 0.66484375 0.0609375 0.1171875
