12 0.34453125 0.14609375 0.0671875 0.1796875
9 0.165234375 0.30703125 0.07734375 0.2046875
10 0.4515625 0.64765625 0.065625 0.1640625
7 0.269921875 0.071875 0.06171875 0.121875
13 0.42578125 0.160546875 0.0578125 0.13359375
8 0.440234375 0.4328125 0.05859375 0.153125
11 0.275390625 0.16953125 0.04765625 0.1109375
11 0.2609375 0.33984375 0.05625 0.1140625
11 0.350390625 0.329296875 0.05390625 0.11796875
11 0.35703125 0.56171875 0.0578125 0.1203125
4 0.241796875 0.644921875 0.07109375 0.16171875
2 0.50703125 0.23515625 0.0546875 0.1484375
3 0.772265625 0.301171875 0.08515625 0.20859375
5 0.6859375 0.344140625 0.053125 0.10703125
5 0.60859375 0.536328125 0.0515625 0.12265625
5 0.541015625 0.665625 0.06015625 0.11875
