6 0.597265625 0.29140625 0.06953125 0.1765625
3 0.805859375 0.482421875 0.08359375 0.20546875
7 0.837109375 0.73125 0.08046875 0.146875
5 0.696875 0.405859375 0.05 0.11171875
5 0.675 0.227734375 0.053125 0.09921875
5 0.6625 0.1453125 0.046875 0.1
5 0.52109375 0.067578125 0.0453125 0.09765625
5 0.514453125 0.30234375 0.05078125 0.1140625
5 0.6234375 0.502734375 0.059375 0.11796875
4 0.441015625 0.39375 0.06328125 0.1375
13 0.20703125 0.05546875 0.0609375 0.1109375
13 0.25625 0.74375 0.065625 0.1375
9 0.2671875 0.36953125 0.075 0.1984375
10 0.508203125 0.137109375 0.05390625 0.14296875
10 0.16640625 0.603125 0.0765625 0.14375
8 0.44140625 0.601953125 0.0609375 0.13828125
12 0.362890625 0.291796875 0.06328125 0.17734375
11 0.4359375 0.301953125 0.05 0.10390625
11 0.284375 0.0578125 0.053125 0.10625
11 0.2859375 0.216796875 0.05 0.10546875
11 0.2609375 0.61640625 0.059375 0.1140625
11 0.446875 0.7375 0.0625 0.115625
