6 0.783984375 0.296875 0.07109375 0.1625
3 0.79140625 0.368359375 0.0765625 0.18671875
7 0.8421875 0.731640625 0.071875 0.13515625
7 0.74140625 0.06640625 0.0515625 0.1109375
2 0.753125 0.210546875 0.046875 0.13046875
2 0.709375 0.615234375 0.059375 0.12421875
5 0.6984375 0.39921875 0.04375 0.0953125
5 0.71015625 0.504296875 0.0484375 0.10234375
5 0.642578125 0.739453125 0.05078125 0.10078125
5 0.617578125 0.614453125 0.05078125 0.10703125
5 0.67734375 0.229296875 0.0421875 0.09296875
5 0.66484375 0.14609375 0.0390625 0.0890625
5 0.658984375 0.06171875 0.03984375 0.0984375
4 0.589453125 0.13125 0.04765625 0.13125
4 0.62890625 0.481640625 0.0609375 0.13828125
5 0.516796875 0.30234375 0.04296875 0.1015625
12 0.1890625 0.2765625 0.059375 0.165625
9 0.1734375 0.362109375 0.065625 0.19296875
8 0.16171875 0.4875 0.0546875 0.134375
8 0.194140625 0.201171875 0.05078125 0.13046875
10 0.366796875 0.19921875 0.05859375 0.1484375
10 0.16953125 0.59765625 0.0671875 0.1515625
11 0.45234375 0.73671875 0.0515625 0.1046875
11 0.2609375 0.615625 0.05625 0.103125
11 0.264453125 0.517578125 0.05703125 0.10703125
11 0.275390625 0.41015625 0.05390625 0.0984375
11 0.27734375 0.308984375 0.0578125 0.09609375
11 0.280078125 0.22265625 0.05078125 0.0921875
11 0.286328125 0.13984375 0.05078125 0.0890625
11 0.286328125 0.059375 0.03828125 0.09375
13 0.21015625 0.053125 0.0484375 0.10625
13 0.25546875 0.73984375 0.0609375 0.1328125
