3 0.740625 0.598046875 0.084375 0.19609375
7 0.8546875 0.73984375 0.06875 0.1390625
13 0.6546875 0.720703125 0.065625 0.13828125
10 0.5296875 0.128515625 0.05 0.13828125
6 0.617578125 0.29140625 0.06953125 0.1765625
5 0.69765625 0.226171875 0.0453125 0.10234375
5 0.71796875 0.40546875 0.0546875 0.1046875
5 0.64140625 0.50390625 0.0515625 0.1078125
5 0.53671875 0.29765625 0.0484375 0.1078125
4 0.459375 0.389453125 0.0625 0.13515625
11 0.45546875 0.294140625 0.0484375 0.10078125
12 0.380078125 0.285546875 0.06953125 0.17109375
9 0.2859375 0.355078125 0.071875 0.19453125
13 0.23125 0.04921875 0.059375 0.0984375
11 0.305859375 0.046875 0.04609375 0.09375
11 0.306640625 0.20390625 0.05078125 0.1046875
11 0.27578125 0.603125 0.0578125 0.1125
